0,	15044,	
1,	15042,	
2,	15043,	
3,	15046,	
4,	15045,	
5,	15043,	
6,	15040,	
7,	15042,	
8,	15048,	
9,	15043,	
10,	15039,	
11,	15037,	
12,	15038,	
13,	15036,	
14,	15044,	
15,	15043,	
16,	15052,	
17,	15046,	
18,	15043,	
19,	15043,	
20,	15043,	
21,	15042,	
22,	15045,	
23,	15042,	
24,	15044,	
25,	15044,	
26,	15043,	
27,	15048,	
28,	15041,	
29,	15043,	
30,	15042,	
31,	15047,	
32,	15041,	
33,	15042,	
34,	15043,	
35,	15044,	
36,	15045,	
37,	15045,	
38,	15041,	
39,	15043,	
40,	15047,	
41,	15043,	
42,	15047,	
43,	15039,	
44,	15041,	
45,	15043,	
46,	15045,	
47,	15048,	
48,	15041,	
49,	15047,	
50,	15049,	
51,	15038,	
52,	15048,	
53,	15041,	
54,	15043,	
55,	15044,	
56,	15048,	
57,	15038,	
58,	15044,	
59,	15042,	
60,	15044,	
61,	15044,	
62,	15050,	
63,	15045,	
64,	15050,	
65,	15046,	
66,	15042,	
67,	15042,	
68,	15038,	
69,	15042,	
70,	15042,	
71,	15042,	
72,	15042,	
73,	15052,	
74,	15040,	
75,	15045,	
76,	15044,	
77,	15038,	
78,	15047,	
79,	15047,	
80,	15045,	
81,	15051,	
82,	15048,	
83,	15049,	
84,	15043,	
85,	15043,	
86,	15050,	
87,	15039,	
88,	15043,	
89,	15040,	
90,	15046,	
91,	15044,	
92,	15041,	
93,	15038,	
94,	15040,	
95,	15035,	
96,	15038,	
97,	15042,	
98,	15049,	
99,	15044,	
100,	15052,	
101,	15051,	
102,	15044,	
103,	15044,	
104,	15047,	
105,	15048,	
106,	15039,	
107,	15040,	
108,	15045,	
109,	15044,	
110,	15045,	
111,	15046,	
112,	15042,	
113,	15040,	
114,	15044,	
115,	15040,	
116,	15040,	
117,	15045,	
118,	15046,	
119,	15040,	
120,	15046,	
121,	15044,	
122,	15045,	
123,	15041,	
124,	15035,	
125,	15038,	
126,	15042,	
127,	15040,	
128,	15039,	
129,	15047,	
130,	15040,	
131,	15047,	
132,	15049,	
133,	15040,	
134,	15038,	
135,	15053,	
136,	15050,	
137,	15045,	
138,	15042,	
139,	15040,	
140,	15044,	
141,	15045,	
142,	15040,	
143,	15040,	
144,	15041,	
145,	15045,	
146,	15044,	
147,	15039,	
148,	15043,	
149,	15050,	
150,	15047,	
151,	15040,	
152,	15043,	
153,	15047,	
154,	15044,	
155,	15038,	
156,	15040,	
157,	15043,	
158,	15044,	
159,	15046,	
160,	15041,	
161,	15040,	
162,	15047,	
163,	15042,	
164,	15044,	
165,	15043,	
166,	15047,	
167,	15042,	
168,	15038,	
169,	15044,	
170,	15045,	
171,	15040,	
172,	15042,	
173,	15047,	
174,	15043,	
175,	15045,	
176,	15045,	
177,	15048,	
178,	15039,	
179,	15046,	
180,	15047,	
181,	15046,	
182,	15047,	
183,	15038,	
184,	15045,	
185,	15039,	
186,	15050,	
187,	15044,	
188,	15043,	
189,	15047,	
190,	15046,	
191,	15043,	
192,	15045,	
193,	15041,	
194,	15046,	
195,	15049,	
196,	15050,	
197,	15047,	
198,	15044,	
199,	15046,	
200,	15044,	
201,	15051,	
202,	15040,	
203,	15045,	
204,	15049,	
205,	15049,	
206,	15042,	
207,	15046,	
208,	15050,	
209,	15051,	
210,	15045,	
211,	15045,	
212,	15051,	
213,	15047,	
214,	15049,	
215,	15047,	
216,	15049,	
217,	15047,	
218,	15044,	
219,	15049,	
220,	15044,	
221,	15049,	
222,	15049,	
223,	15049,	
224,	15038,	
225,	15042,	
226,	15046,	
227,	15043,	
228,	15044,	
229,	15047,	
230,	15038,	
231,	15047,	
232,	15043,	
233,	15052,	
234,	15044,	
235,	15045,	
236,	15047,	
237,	15044,	
238,	15047,	
239,	15048,	
240,	15042,	
241,	15046,	
242,	15047,	
243,	15053,	
244,	15048,	
245,	15049,	
246,	15051,	
247,	15051,	
248,	15047,	
249,	15048,	
250,	15047,	
251,	15043,	
252,	15041,	
253,	15047,	
254,	15046,	
255,	15045,	
256,	15052,	
257,	15048,	
258,	15048,	
259,	15049,	
260,	15043,	
261,	15042,	
262,	15047,	
263,	15046,	
264,	15035,	
265,	15042,	
266,	15047,	
267,	15046,	
268,	15048,	
269,	15041,	
270,	15046,	
271,	15048,	
272,	15041,	
273,	15035,	
274,	15044,	
275,	15040,	
276,	15043,	
277,	15044,	
278,	15043,	
279,	15048,	
280,	15047,	
281,	15041,	
282,	15044,	
283,	15045,	
284,	15046,	
285,	15047,	
286,	15047,	
287,	15042,	
288,	15043,	
289,	15043,	
290,	15045,	
291,	15048,	
292,	15042,	
293,	15046,	
294,	15044,	
295,	15043,	
296,	15040,	
297,	15043,	
298,	15044,	
299,	15043,	
300,	15043,	
301,	15039,	
302,	15046,	
303,	15042,	
304,	15050,	
305,	15045,	
306,	15047,	
307,	15043,	
308,	15043,	
309,	15044,	
310,	15052,	
311,	15048,	
312,	15045,	
313,	15046,	
314,	15048,	
315,	15050,	
316,	15045,	
317,	15048,	
318,	15051,	
319,	15048,	
320,	15047,	
321,	15046,	
322,	15049,	
323,	15049,	
324,	15045,	
325,	15052,	
326,	15044,	
327,	15049,	
328,	15044,	
329,	15045,	
330,	15050,	
331,	15047,	
332,	15050,	
333,	15047,	
334,	15043,	
335,	15046,	
336,	15048,	
337,	15044,	
338,	15042,	
339,	15053,	
340,	15048,	
341,	15045,	
342,	15049,	
343,	15039,	
344,	15041,	
345,	15050,	
346,	15042,	
347,	15046,	
348,	15043,	
349,	15045,	
350,	15044,	
351,	15045,	
352,	15046,	
353,	15054,	
354,	15042,	
355,	15045,	
356,	15047,	
357,	15043,	
358,	15048,	
359,	15055,	
360,	15047,	
361,	15041,	
362,	15049,	
363,	15049,	
364,	15042,	
365,	15040,	
366,	15046,	
367,	15043,	
368,	15047,	
369,	15048,	
370,	15044,	
371,	15047,	
372,	15047,	
373,	15046,	
374,	15045,	
375,	15044,	
376,	15053,	
377,	15047,	
378,	15042,	
379,	15044,	
380,	15050,	
381,	15050,	
382,	15047,	
383,	15048,	
384,	15046,	
385,	15045,	
386,	15057,	
387,	15050,	
388,	15049,	
389,	15051,	
390,	15050,	
391,	15048,	
392,	15045,	
393,	15051,	
394,	15047,	
395,	15046,	
396,	15052,	
397,	15050,	
398,	15050,	
399,	15051,	
400,	15042,	
401,	15050,	
402,	15047,	
403,	15050,	
404,	15045,	
405,	15046,	
406,	15050,	
407,	15050,	
408,	15046,	
409,	15042,	
410,	15044,	
411,	15048,	
412,	15044,	
413,	15046,	
414,	15050,	
415,	15043,	
416,	15046,	
417,	15052,	
418,	15052,	
419,	15048,	
420,	15050,	
421,	15051,	
422,	15045,	
423,	15051,	
424,	15048,	
425,	15044,	
426,	15047,	
427,	15047,	
428,	15047,	
429,	15051,	
430,	15050,	
431,	15053,	
432,	15047,	
433,	15045,	
434,	15050,	
435,	15047,	
436,	15049,	
437,	15045,	
438,	15044,	
439,	15049,	
440,	15045,	
441,	15046,	
442,	15047,	
443,	15048,	
444,	15050,	
445,	15049,	
446,	15042,	
447,	15053,	
448,	15041,	
449,	15050,	
450,	15043,	
451,	15041,	
452,	15045,	
453,	15043,	
454,	15049,	
455,	15048,	
456,	15053,	
457,	15050,	
458,	15049,	
459,	15042,	
460,	15045,	
461,	15047,	
462,	15048,	
463,	15050,	
464,	15050,	
465,	15050,	
466,	15045,	
467,	15044,	
468,	15052,	
469,	15047,	
470,	15043,	
471,	15049,	
472,	15048,	
473,	15047,	
474,	15049,	
475,	15051,	
476,	15048,	
477,	15052,	
478,	15051,	
479,	15047,	
480,	15050,	
481,	15044,	
482,	15055,	
483,	15051,	
484,	15054,	
485,	15049,	
486,	15056,	
487,	15057,	
488,	15046,	
489,	15045,	
490,	15052,	
491,	15044,	
492,	15048,	
493,	15048,	
494,	15046,	
495,	15053,	
496,	15055,	
497,	15056,	
498,	15049,	
499,	15047,	
500,	15050,	
501,	15039,	
502,	15052,	
503,	15051,	
504,	15053,	
505,	15049,	
506,	15048,	
507,	15050,	
508,	15047,	
509,	15047,	
510,	15045,	
511,	15054,	
512,	15048,	
513,	15049,	
514,	15054,	
515,	15050,	
516,	15049,	
517,	15048,	
518,	15046,	
519,	15051,	
520,	15045,	
521,	15052,	
522,	15045,	
523,	15048,	
524,	15055,	
525,	15048,	
526,	15052,	
527,	15049,	
528,	15045,	
529,	15046,	
530,	15046,	
531,	15053,	
532,	15046,	
533,	15044,	
534,	15048,	
535,	15046,	
536,	15052,	
537,	15045,	
538,	15048,	
539,	15037,	
540,	15045,	
541,	15049,	
542,	15045,	
543,	15051,	
544,	15043,	
545,	15049,	
546,	15056,	
547,	15049,	
548,	15049,	
549,	15050,	
550,	15052,	
551,	15045,	
552,	15054,	
553,	15044,	
554,	15050,	
555,	15049,	
556,	15047,	
557,	15050,	
558,	15047,	
559,	15051,	
560,	15054,	
561,	15048,	
562,	15052,	
563,	15046,	
564,	15049,	
565,	15049,	
566,	15049,	
567,	15047,	
568,	15051,	
569,	15045,	
570,	15047,	
571,	15049,	
572,	15051,	
573,	15049,	
574,	15050,	
575,	15052,	
576,	15054,	
577,	15054,	
578,	15048,	
579,	15050,	
580,	15050,	
581,	15048,	
582,	15048,	
583,	15053,	
584,	15047,	
585,	15052,	
586,	15046,	
587,	15050,	
588,	15048,	
589,	15049,	
590,	15045,	
591,	15051,	
592,	15047,	
593,	15053,	
594,	15046,	
595,	15047,	
596,	15049,	
597,	15050,	
598,	15048,	
599,	15050,	
600,	15052,	
601,	15044,	
602,	15050,	
603,	15057,	
604,	15043,	
605,	15056,	
606,	15048,	
607,	15056,	
608,	15044,	
609,	15046,	
610,	15046,	
611,	15044,	
612,	15049,	
613,	15054,	
614,	15039,	
615,	15053,	
616,	15047,	
617,	15052,	
618,	15050,	
619,	15049,	
620,	15055,	
621,	15050,	
622,	15046,	
623,	15050,	
624,	15043,	
625,	15050,	
626,	15046,	
627,	15052,	
628,	15048,	
629,	15050,	
630,	15051,	
631,	15045,	
632,	15044,	
633,	15044,	
634,	15044,	
635,	15049,	
636,	15052,	
637,	15052,	
638,	15050,	
639,	15051,	
640,	15056,	
641,	15046,	
642,	15052,	
643,	15052,	
644,	15048,	
645,	15048,	
646,	15046,	
647,	15049,	
648,	15058,	
649,	15052,	
650,	15052,	
651,	15048,	
652,	15048,	
653,	15044,	
654,	15049,	
655,	15050,	
656,	15051,	
657,	15046,	
658,	15056,	
659,	15055,	
660,	15051,	
661,	15051,	
662,	15053,	
663,	15053,	
664,	15051,	
665,	15050,	
666,	15047,	
667,	15043,	
668,	15047,	
669,	15047,	
670,	15051,	
671,	15049,	
672,	15047,	
673,	15052,	
674,	15050,	
675,	15053,	
676,	15050,	
677,	15053,	
678,	15043,	
679,	15048,	
680,	15046,	
681,	15048,	
682,	15048,	
683,	15046,	
684,	15050,	
685,	15049,	
686,	15051,	
687,	15051,	
688,	15048,	
689,	15048,	
690,	15052,	
691,	15053,	
692,	15051,	
693,	15045,	
694,	15048,	
695,	15048,	
696,	15046,	
697,	15050,	
698,	15050,	
699,	15053,	
700,	15046,	
701,	15046,	
702,	15049,	
703,	15050,	
704,	15051,	
705,	15052,	
706,	15046,	
707,	15049,	
708,	15048,	
709,	15044,	
710,	15051,	
711,	15052,	
712,	15051,	
713,	15050,	
714,	15047,	
715,	15055,	
716,	15052,	
717,	15049,	
718,	15050,	
719,	15053,	
720,	15049,	
721,	15050,	
722,	15045,	
723,	15052,	
724,	15045,	
725,	15056,	
726,	15049,	
727,	15048,	
728,	15047,	
729,	15050,	
730,	15051,	
731,	15038,	
732,	15046,	
733,	15052,	
734,	15042,	
735,	15053,	
736,	15051,	
737,	15052,	
738,	15052,	
739,	15047,	
740,	15050,	
741,	15053,	
742,	15054,	
743,	15048,	
744,	15051,	
745,	15049,	
746,	15053,	
747,	15056,	
748,	15045,	
749,	15049,	
750,	15050,	
751,	15049,	
752,	15048,	
753,	15045,	
754,	15049,	
755,	15052,	
756,	15054,	
757,	15050,	
758,	15044,	
759,	15042,	
760,	15048,	
761,	15054,	
762,	15047,	
763,	15045,	
764,	15055,	
765,	15053,	
766,	15048,	
767,	15053,	
768,	15046,	
769,	15048,	
770,	15054,	
771,	15049,	
772,	15051,	
773,	15052,	
774,	15045,	
775,	15059,	
776,	15055,	
777,	15056,	
778,	15047,	
779,	15048,	
780,	15053,	
781,	15052,	
782,	15055,	
783,	15051,	
784,	15050,	
785,	15049,	
786,	15050,	
787,	15052,	
788,	15047,	
789,	15044,	
790,	15046,	
791,	15050,	
792,	15050,	
793,	15047,	
794,	15054,	
795,	15049,	
796,	15048,	
797,	15054,	
798,	15042,	
799,	15050,	
800,	15051,	
801,	15046,	
802,	15051,	
803,	15046,	
804,	15051,	
805,	15045,	
806,	15049,	
807,	15047,	
808,	15041,	
809,	15047,	
810,	15049,	
811,	15054,	
812,	15056,	
813,	15052,	
814,	15050,	
815,	15056,	
816,	15051,	
817,	15054,	
818,	15049,	
819,	15051,	
820,	15052,	
821,	15056,	
822,	15056,	
823,	15053,	
824,	15049,	
825,	15051,	
826,	15054,	
827,	15050,	
828,	15052,	
829,	15050,	
830,	15051,	
831,	15054,	
832,	15059,	
833,	15053,	
834,	15056,	
835,	15051,	
836,	15047,	
837,	15058,	
838,	15054,	
839,	15047,	
840,	15050,	
841,	15050,	
842,	15051,	
843,	15060,	
844,	15050,	
845,	15050,	
846,	15053,	
847,	15050,	
848,	15055,	
849,	15050,	
850,	15048,	
851,	15054,	
852,	15052,	
853,	15046,	
854,	15048,	
855,	15052,	
856,	15047,	
857,	15056,	
858,	15051,	
859,	15047,	
860,	15051,	
861,	15054,	
862,	15063,	
863,	15056,	
864,	15052,	
865,	15055,	
866,	15053,	
867,	15049,	
868,	15053,	
869,	15053,	
870,	15049,	
871,	15048,	
872,	15051,	
873,	15053,	
874,	15050,	
875,	15052,	
876,	15047,	
877,	15050,	
878,	15052,	
879,	15053,	
880,	15055,	
881,	15051,	
882,	15050,	
883,	15047,	
884,	15048,	
885,	15050,	
886,	15049,	
887,	15054,	
888,	15052,	
889,	15056,	
890,	15053,	
891,	15050,	
892,	15050,	
893,	15044,	
894,	15045,	
895,	15056,	
896,	15057,	
897,	15054,	
898,	15050,	
899,	15052,	
900,	15051,	
901,	15054,	
902,	15048,	
903,	15051,	
904,	15050,	
905,	15047,	
906,	15051,	
907,	15052,	
908,	15045,	
909,	15060,	
910,	15048,	
911,	15052,	
912,	15054,	
913,	15052,	
914,	15050,	
915,	15052,	
916,	15052,	
917,	15055,	
918,	15054,	
919,	15052,	
920,	15055,	
921,	15052,	
922,	15049,	
923,	15054,	
924,	15048,	
925,	15051,	
926,	15045,	
927,	15049,	
928,	15049,	
929,	15050,	
930,	15050,	
931,	15049,	
932,	15052,	
933,	15052,	
934,	15056,	
935,	15052,	
936,	15051,	
937,	15048,	
938,	15045,	
939,	15051,	
940,	15050,	
941,	15048,	
942,	15051,	
943,	15048,	
944,	15047,	
945,	15054,	
946,	15054,	
947,	15050,	
948,	15047,	
949,	15055,	
950,	15053,	
951,	15056,	
952,	15056,	
953,	15050,	
954,	15046,	
955,	15047,	
956,	15049,	
957,	15053,	
958,	15050,	
959,	15050,	
960,	15055,	
961,	15049,	
962,	15049,	
963,	15042,	
964,	15051,	
965,	15051,	
966,	15046,	
967,	15049,	
968,	15053,	
969,	15048,	
970,	15050,	
971,	15052,	
972,	15047,	
973,	15052,	
974,	15051,	
975,	15057,	
976,	15057,	
977,	15051,	
978,	15058,	
979,	15055,	
980,	15053,	
981,	15052,	
982,	15045,	
983,	15053,	
984,	15047,	
985,	15058,	
986,	15050,	
987,	15054,	
988,	15051,	
989,	15051,	
990,	15051,	
991,	15053,	
992,	15051,	
993,	15052,	
994,	15047,	
995,	15051,	
996,	15054,	
997,	15054,	
998,	15047,	
999,	15055,	
1000,	15055,	
1001,	15052,	
1002,	15055,	
1003,	15057,	
1004,	15051,	
1005,	15059,	
1006,	15056,	
1007,	15053,	
1008,	15050,	
1009,	15053,	
1010,	15050,	
1011,	15047,	
1012,	15047,	
1013,	15049,	
1014,	15054,	
1015,	15054,	
1016,	15050,	
1017,	15055,	
1018,	15053,	
1019,	15051,	
1020,	15045,	
1021,	15048,	
1022,	15054,	
1023,	15053,	
1024,	15055,	
1025,	15054,	
1026,	15050,	
1027,	15044,	
1028,	15049,	
1029,	15045,	
1030,	15046,	
1031,	15055,	
1032,	15053,	
1033,	15046,	
1034,	15054,	
1035,	15051,	
1036,	15048,	
1037,	15053,	
1038,	15055,	
1039,	15050,	
1040,	15051,	
1041,	15052,	
1042,	15052,	
1043,	15053,	
1044,	15051,	
1045,	15055,	
1046,	15049,	
1047,	15050,	
1048,	15047,	
1049,	15051,	
1050,	15044,	
1051,	15053,	
1052,	15049,	
1053,	15051,	
1054,	15051,	
1055,	15055,	
1056,	15052,	
1057,	15055,	
1058,	15050,	
1059,	15050,	
1060,	15058,	
1061,	15055,	
1062,	15054,	
1063,	15052,	
1064,	15050,	
1065,	15051,	
1066,	15048,	
1067,	15049,	
1068,	15054,	
1069,	15058,	
1070,	15047,	
1071,	15046,	
1072,	15050,	
1073,	15050,	
1074,	15054,	
1075,	15045,	
1076,	15057,	
1077,	15049,	
1078,	15050,	
1079,	15054,	
1080,	15051,	
1081,	15046,	
1082,	15055,	
1083,	15055,	
1084,	15047,	
1085,	15049,	
1086,	15051,	
1087,	15055,	
1088,	15050,	
1089,	15045,	
1090,	15052,	
1091,	15056,	
1092,	15050,	
1093,	15047,	
1094,	15048,	
1095,	15051,	
1096,	15053,	
1097,	15051,	
1098,	15054,	
1099,	15048,	
1100,	15049,	
1101,	15054,	
1102,	15051,	
1103,	15054,	
1104,	15052,	
1105,	15051,	
1106,	15049,	
1107,	15053,	
1108,	15057,	
1109,	15050,	
1110,	15057,	
1111,	15056,	
1112,	15051,	
1113,	15048,	
1114,	15050,	
1115,	15056,	
1116,	15052,	
1117,	15049,	
1118,	15052,	
1119,	15053,	
1120,	15052,	
1121,	15056,	
1122,	15056,	
1123,	15048,	
1124,	15046,	
1125,	15055,	
1126,	15050,	
1127,	15051,	
1128,	15046,	
1129,	15053,	
1130,	15058,	
1131,	15048,	
1132,	15052,	
1133,	15056,	
1134,	15048,	
1135,	15056,	
1136,	15050,	
1137,	15052,	
1138,	15049,	
1139,	15052,	
1140,	15046,	
1141,	15052,	
1142,	15044,	
1143,	15051,	
1144,	15050,	
1145,	15053,	
1146,	15055,	
1147,	15050,	
1148,	15051,	
1149,	15054,	
1150,	15052,	
1151,	15050,	
1152,	15059,	
1153,	15047,	
1154,	15055,	
1155,	15046,	
1156,	15051,	
1157,	15055,	
1158,	15054,	
1159,	15054,	
1160,	15058,	
1161,	15056,	
1162,	15053,	
1163,	15056,	
1164,	15052,	
1165,	15052,	
1166,	15055,	
1167,	15052,	
1168,	15054,	
1169,	15056,	
1170,	15048,	
1171,	15051,	
1172,	15055,	
1173,	15056,	
1174,	15057,	
1175,	15052,	
1176,	15059,	
1177,	15050,	
1178,	15050,	
1179,	15053,	
1180,	15049,	
1181,	15054,	
1182,	15049,	
1183,	15054,	
1184,	15054,	
1185,	15049,	
1186,	15057,	
1187,	15052,	
1188,	15060,	
1189,	15055,	
1190,	15053,	
1191,	15059,	
1192,	15056,	
1193,	15053,	
1194,	15056,	
1195,	15052,	
1196,	15050,	
1197,	15058,	
1198,	15049,	
1199,	15053,	
1200,	15058,	
1201,	15053,	
1202,	15052,	
1203,	15056,	
1204,	15052,	
1205,	15052,	
1206,	15057,	
1207,	15054,	
1208,	15049,	
1209,	15059,	
1210,	15057,	
1211,	15049,	
1212,	15054,	
1213,	15054,	
1214,	15049,	
1215,	15054,	
1216,	15048,	
1217,	15052,	
1218,	15052,	
1219,	15053,	
1220,	15053,	
1221,	15054,	
1222,	15051,	
1223,	15056,	
1224,	15054,	
1225,	15053,	
1226,	15055,	
1227,	15048,	
1228,	15050,	
1229,	15054,	
1230,	15049,	
1231,	15052,	
1232,	15056,	
1233,	15054,	
1234,	15045,	
1235,	15052,	
1236,	15054,	
1237,	15051,	
1238,	15057,	
1239,	15051,	
1240,	15052,	
1241,	15052,	
1242,	15051,	
1243,	15058,	
1244,	15053,	
1245,	15053,	
1246,	15060,	
1247,	15054,	
1248,	15051,	
1249,	15054,	
1250,	15059,	
1251,	15055,	
1252,	15054,	
1253,	15058,	
1254,	15054,	
1255,	15058,	
1256,	15059,	
1257,	15053,	
1258,	15052,	
1259,	15044,	
1260,	15054,	
1261,	15049,	
1262,	15048,	
1263,	15052,	
1264,	15054,	
1265,	15055,	
1266,	15055,	
1267,	15055,	
1268,	15057,	
1269,	15057,	
1270,	15057,	
1271,	15054,	
1272,	15054,	
1273,	15056,	
1274,	15053,	
1275,	15057,	
1276,	15055,	
1277,	15057,	
1278,	15053,	
1279,	15061,	
1280,	15058,	
1281,	15056,	
1282,	15054,	
1283,	15048,	
1284,	15053,	
1285,	15057,	
1286,	15057,	
1287,	15055,	
1288,	15050,	
1289,	15053,	
1290,	15054,	
1291,	15059,	
1292,	15052,	
1293,	15054,	
1294,	15052,	
1295,	15052,	
1296,	15051,	
1297,	15050,	
1298,	15057,	
1299,	15055,	
1300,	15058,	
1301,	15050,	
1302,	15058,	
1303,	15056,	
1304,	15056,	
1305,	15051,	
1306,	15054,	
1307,	15063,	
1308,	15054,	
1309,	15052,	
1310,	15057,	
1311,	15056,	
1312,	15055,	
1313,	15060,	
1314,	15055,	
1315,	15056,	
1316,	15055,	
1317,	15056,	
1318,	15055,	
1319,	15052,	
1320,	15060,	
1321,	15053,	
1322,	15058,	
1323,	15056,	
1324,	15058,	
1325,	15052,	
1326,	15058,	
1327,	15062,	
1328,	15059,	
1329,	15053,	
1330,	15052,	
1331,	15059,	
1332,	15057,	
1333,	15055,	
1334,	15051,	
1335,	15060,	
1336,	15058,	
1337,	15052,	
1338,	15052,	
1339,	15050,	
1340,	15050,	
1341,	15054,	
1342,	15049,	
1343,	15054,	
1344,	15055,	
1345,	15058,	
1346,	15059,	
1347,	15051,	
1348,	15058,	
1349,	15053,	
1350,	15056,	
1351,	15055,	
1352,	15053,	
1353,	15051,	
1354,	15056,	
1355,	15060,	
1356,	15050,	
1357,	15055,	
1358,	15056,	
1359,	15054,	
1360,	15061,	
1361,	15062,	
1362,	15057,	
1363,	15056,	
1364,	15056,	
1365,	15054,	
1366,	15054,	
1367,	15051,	
1368,	15060,	
1369,	15057,	
1370,	15057,	
1371,	15054,	
1372,	15052,	
1373,	15056,	
1374,	15051,	
1375,	15056,	
1376,	15059,	
1377,	15057,	
1378,	15058,	
1379,	15056,	
1380,	15052,	
1381,	15059,	
1382,	15052,	
1383,	15058,	
1384,	15052,	
1385,	15059,	
1386,	15052,	
1387,	15056,	
1388,	15060,	
1389,	15054,	
1390,	15052,	
1391,	15055,	
1392,	15061,	
1393,	15055,	
1394,	15053,	
1395,	15052,	
1396,	15053,	
1397,	15056,	
1398,	15050,	
1399,	15054,	
1400,	15061,	
1401,	15053,	
1402,	15060,	
1403,	15055,	
1404,	15063,	
1405,	15060,	
1406,	15061,	
1407,	15059,	
1408,	15056,	
1409,	15060,	
1410,	15060,	
1411,	15059,	
1412,	15057,	
1413,	15056,	
1414,	15054,	
1415,	15059,	
1416,	15059,	
1417,	15064,	
1418,	15053,	
1419,	15062,	
1420,	15052,	
1421,	15059,	
1422,	15062,	
1423,	15061,	
1424,	15056,	
1425,	15050,	
1426,	15071,	
1427,	15053,	
1428,	15055,	
1429,	15049,	
1430,	15055,	
1431,	15063,	
1432,	15053,	
1433,	15067,	
1434,	15058,	
1435,	15064,	
1436,	15059,	
1437,	15053,	
1438,	15060,	
1439,	15057,	
1440,	15056,	
1441,	15065,	
1442,	15054,	
1443,	15058,	
1444,	15059,	
1445,	15057,	
1446,	15059,	
1447,	15052,	
1448,	15063,	
1449,	15059,	
1450,	15055,	
1451,	15064,	
1452,	15057,	
1453,	15062,	
1454,	15050,	
1455,	15061,	
1456,	15067,	
1457,	15061,	
1458,	15055,	
1459,	15059,	
1460,	15049,	
1461,	15056,	
1462,	15062,	
1463,	15053,	
1464,	15063,	
1465,	15056,	
1466,	15061,	
1467,	15058,	
1468,	15060,	
1469,	15057,	
1470,	15059,	
1471,	15060,	
1472,	15057,	
1473,	15054,	
1474,	15056,	
1475,	15059,	
1476,	15059,	
1477,	15055,	
1478,	15052,	
1479,	15062,	
1480,	15055,	
1481,	15058,	
1482,	15055,	
1483,	15057,	
1484,	15058,	
1485,	15059,	
1486,	15056,	
1487,	15057,	
1488,	15055,	
1489,	15055,	
1490,	15061,	
1491,	15064,	
1492,	15058,	
1493,	15058,	
1494,	15062,	
1495,	15061,	
1496,	15060,	
1497,	15062,	
1498,	15053,	
1499,	15054,	
1500,	15052,	
1501,	15058,	
1502,	15053,	
1503,	15051,	
1504,	15055,	
1505,	15057,	
1506,	15056,	
1507,	15060,	
1508,	15057,	
1509,	15054,	
1510,	15062,	
1511,	15055,	
1512,	15050,	
1513,	15057,	
1514,	15059,	
1515,	15056,	
1516,	15055,	
1517,	15060,	
1518,	15066,	
1519,	15056,	
1520,	15057,	
1521,	15061,	
1522,	15056,	
1523,	15056,	
1524,	15057,	
1525,	15058,	
1526,	15052,	
1527,	15063,	
1528,	15061,	
1529,	15057,	
1530,	15060,	
1531,	15060,	
1532,	15059,	
1533,	15061,	
1534,	15054,	
1535,	15058,	
1536,	15055,	
1537,	15062,	
1538,	15059,	
1539,	15064,	
1540,	15058,	
1541,	15051,	
1542,	15065,	
1543,	15055,	
1544,	15059,	
1545,	15057,	
1546,	15056,	
1547,	15056,	
1548,	15060,	
1549,	15059,	
1550,	15058,	
1551,	15061,	
1552,	15059,	
1553,	15057,	
1554,	15057,	
1555,	15054,	
1556,	15055,	
1557,	15061,	
1558,	15058,	
1559,	15054,	
1560,	15059,	
1561,	15063,	
1562,	15057,	
1563,	15059,	
1564,	15056,	
1565,	15052,	
1566,	15060,	
1567,	15057,	
1568,	15061,	
1569,	15056,	
1570,	15060,	
1571,	15061,	
1572,	15057,	
1573,	15055,	
1574,	15057,	
1575,	15061,	
1576,	15068,	
1577,	15061,	
1578,	15059,	
1579,	15053,	
1580,	15059,	
1581,	15060,	
1582,	15062,	
1583,	15060,	
1584,	15060,	
1585,	15062,	
1586,	15061,	
1587,	15058,	
1588,	15063,	
1589,	15067,	
1590,	15063,	
1591,	15058,	
1592,	15062,	
1593,	15056,	
1594,	15056,	
1595,	15061,	
1596,	15053,	
1597,	15062,	
1598,	15060,	
1599,	15058,	
1600,	15056,	
1601,	15062,	
1602,	15062,	
1603,	15064,	
1604,	15055,	
1605,	15061,	
1606,	15055,	
1607,	15064,	
1608,	15065,	
1609,	15063,	
1610,	15059,	
1611,	15057,	
1612,	15064,	
1613,	15060,	
1614,	15063,	
1615,	15062,	
1616,	15068,	
1617,	15058,	
1618,	15063,	
1619,	15063,	
1620,	15063,	
1621,	15062,	
1622,	15063,	
1623,	15061,	
1624,	15053,	
1625,	15058,	
1626,	15061,	
1627,	15061,	
1628,	15060,	
1629,	15063,	
1630,	15060,	
1631,	15061,	
1632,	15064,	
1633,	15060,	
1634,	15056,	
1635,	15060,	
1636,	15062,	
1637,	15062,	
1638,	15064,	
1639,	15059,	
1640,	15059,	
1641,	15058,	
1642,	15056,	
1643,	15053,	
1644,	15059,	
1645,	15063,	
1646,	15065,	
1647,	15059,	
1648,	15062,	
1649,	15056,	
1650,	15065,	
1651,	15063,	
1652,	15060,	
1653,	15060,	
1654,	15060,	
1655,	15062,	
1656,	15063,	
1657,	15058,	
1658,	15056,	
1659,	15061,	
1660,	15058,	
1661,	15061,	
1662,	15057,	
1663,	15059,	
1664,	15060,	
1665,	15070,	
1666,	15051,	
1667,	15067,	
1668,	15051,	
1669,	15058,	
1670,	15059,	
1671,	15056,	
1672,	15060,	
1673,	15063,	
1674,	15064,	
1675,	15056,	
1676,	15060,	
1677,	15061,	
1678,	15060,	
1679,	15059,	
1680,	15057,	
1681,	15061,	
1682,	15064,	
1683,	15060,	
1684,	15055,	
1685,	15060,	
1686,	15061,	
1687,	15064,	
1688,	15065,	
1689,	15061,	
1690,	15059,	
1691,	15062,	
1692,	15059,	
1693,	15057,	
1694,	15059,	
1695,	15060,	
1696,	15065,	
1697,	15058,	
1698,	15058,	
1699,	15060,	
1700,	15052,	
1701,	15066,	
1702,	15061,	
1703,	15064,	
1704,	15061,	
1705,	15060,	
1706,	15059,	
1707,	15061,	
1708,	15061,	
1709,	15060,	
1710,	15058,	
1711,	15061,	
1712,	15064,	
1713,	15066,	
1714,	15062,	
1715,	15057,	
1716,	15056,	
1717,	15066,	
1718,	15060,	
1719,	15053,	
1720,	15061,	
1721,	15058,	
1722,	15059,	
1723,	15055,	
1724,	15060,	
1725,	15061,	
1726,	15063,	
1727,	15060,	
1728,	15055,	
1729,	15062,	
1730,	15061,	
1731,	15063,	
1732,	15060,	
1733,	15059,	
1734,	15053,	
1735,	15059,	
1736,	15055,	
1737,	15055,	
1738,	15062,	
1739,	15062,	
1740,	15058,	
1741,	15056,	
1742,	15060,	
1743,	15054,	
1744,	15059,	
1745,	15061,	
1746,	15063,	
1747,	15067,	
1748,	15060,	
1749,	15062,	
1750,	15055,	
1751,	15061,	
1752,	15060,	
1753,	15061,	
1754,	15061,	
1755,	15061,	
1756,	15061,	
1757,	15069,	
1758,	15054,	
1759,	15060,	
1760,	15058,	
1761,	15060,	
1762,	15065,	
1763,	15054,	
1764,	15067,	
1765,	15063,	
1766,	15061,	
1767,	15061,	
1768,	15061,	
1769,	15062,	
1770,	15065,	
1771,	15063,	
1772,	15061,	
1773,	15062,	
1774,	15060,	
1775,	15065,	
1776,	15065,	
1777,	15064,	
1778,	15063,	
1779,	15072,	
1780,	15061,	
1781,	15058,	
1782,	15062,	
1783,	15059,	
1784,	15056,	
1785,	15058,	
1786,	15062,	
1787,	15061,	
1788,	15055,	
1789,	15062,	
1790,	15059,	
1791,	15064,	
1792,	15060,	
1793,	15062,	
1794,	15062,	
1795,	15060,	
1796,	15060,	
1797,	15062,	
1798,	15061,	
1799,	15060,	
1800,	15056,	
1801,	15066,	
1802,	15061,	
1803,	15057,	
1804,	15058,	
1805,	15064,	
1806,	15064,	
1807,	15060,	
1808,	15063,	
1809,	15060,	
1810,	15057,	
1811,	15058,	
1812,	15059,	
1813,	15063,	
1814,	15055,	
1815,	15065,	
1816,	15066,	
1817,	15064,	
1818,	15064,	
1819,	15065,	
1820,	15056,	
1821,	15056,	
1822,	15062,	
1823,	15058,	
1824,	15065,	
1825,	15055,	
1826,	15059,	
1827,	15061,	
1828,	15064,	
1829,	15060,	
1830,	15066,	
1831,	15065,	
1832,	15061,	
1833,	15060,	
1834,	15065,	
1835,	15063,	
1836,	15060,	
1837,	15062,	
1838,	15064,	
1839,	15067,	
1840,	15062,	
1841,	15065,	
1842,	15058,	
1843,	15064,	
1844,	15063,	
1845,	15063,	
1846,	15069,	
1847,	15064,	
1848,	15063,	
1849,	15064,	
1850,	15057,	
1851,	15064,	
1852,	15058,	
1853,	15061,	
1854,	15057,	
1855,	15068,	
1856,	15064,	
1857,	15067,	
1858,	15062,	
1859,	15060,	
1860,	15054,	
1861,	15059,	
1862,	15064,	
1863,	15073,	
1864,	15063,	
1865,	15069,	
1866,	15064,	
1867,	15068,	
1868,	15067,	
1869,	15071,	
1870,	15058,	
1871,	15065,	
1872,	15067,	
1873,	15064,	
1874,	15061,	
1875,	15065,	
1876,	15062,	
1877,	15059,	
1878,	15066,	
1879,	15063,	
1880,	15070,	
1881,	15067,	
1882,	15064,	
1883,	15066,	
1884,	15065,	
1885,	15062,	
1886,	15063,	
1887,	15064,	
1888,	15066,	
1889,	15067,	
1890,	15063,	
1891,	15067,	
1892,	15065,	
1893,	15064,	
1894,	15062,	
1895,	15060,	
1896,	15065,	
1897,	15058,	
1898,	15065,	
1899,	15060,	
1900,	15067,	
1901,	15061,	
1902,	15065,	
1903,	15070,	
1904,	15065,	
1905,	15067,	
1906,	15071,	
1907,	15062,	
1908,	15069,	
1909,	15066,	
1910,	15066,	
1911,	15066,	
1912,	15062,	
1913,	15062,	
1914,	15067,	
1915,	15064,	
1916,	15067,	
1917,	15064,	
1918,	15071,	
1919,	15064,	
1920,	15065,	
1921,	15067,	
1922,	15060,	
1923,	15066,	
1924,	15060,	
1925,	15065,	
1926,	15064,	
1927,	15065,	
1928,	15061,	
1929,	15062,	
1930,	15059,	
1931,	15059,	
1932,	15065,	
1933,	15061,	
1934,	15059,	
1935,	15061,	
1936,	15067,	
1937,	15072,	
1938,	15067,	
1939,	15065,	
1940,	15062,	
1941,	15064,	
1942,	15061,	
1943,	15063,	
1944,	15064,	
1945,	15062,	
1946,	15060,	
1947,	15065,	
1948,	15065,	
1949,	15067,	
1950,	15066,	
1951,	15064,	
1952,	15066,	
1953,	15065,	
1954,	15065,	
1955,	15064,	
1956,	15065,	
1957,	15062,	
1958,	15060,	
1959,	15060,	
1960,	15059,	
1961,	15066,	
1962,	15062,	
1963,	15066,	
1964,	15059,	
1965,	15067,	
1966,	15063,	
1967,	15066,	
1968,	15067,	
1969,	15061,	
1970,	15064,	
1971,	15063,	
1972,	15062,	
1973,	15072,	
1974,	15067,	
1975,	15070,	
1976,	15065,	
1977,	15066,	
1978,	15065,	
1979,	15063,	
1980,	15059,	
1981,	15068,	
1982,	15066,	
1983,	15062,	
1984,	15063,	
1985,	15066,	
1986,	15060,	
1987,	15076,	
1988,	15061,	
1989,	15063,	
1990,	15067,	
1991,	15062,	
1992,	15061,	
1993,	15062,	
1994,	15060,	
1995,	15067,	
1996,	15068,	
1997,	15065,	
1998,	15059,	
1999,	15064,	
2000,	15063,	
2001,	15060,	
2002,	15066,	
2003,	15061,	
2004,	15071,	
2005,	15063,	
2006,	15071,	
2007,	15065,	
2008,	15066,	
2009,	15064,	
2010,	15062,	
2011,	15060,	
2012,	15062,	
2013,	15062,	
2014,	15061,	
2015,	15061,	
2016,	15067,	
2017,	15066,	
2018,	15066,	
2019,	15074,	
2020,	15065,	
2021,	15071,	
2022,	15062,	
2023,	15067,	
2024,	15067,	
2025,	15068,	
2026,	15065,	
2027,	15072,	
2028,	15073,	
2029,	15061,	
2030,	15062,	
2031,	15063,	
2032,	15069,	
2033,	15066,	
2034,	15068,	
2035,	15063,	
2036,	15068,	
2037,	15063,	
2038,	15070,	
2039,	15069,	
2040,	15063,	
2041,	15069,	
2042,	15065,	
2043,	15061,	
2044,	15063,	
2045,	15068,	
2046,	15065,	
2047,	15067,	
2048,	15069,	
2049,	15065,	
2050,	15063,	
2051,	15066,	
2052,	15071,	
2053,	15069,	
2054,	15063,	
2055,	15071,	
2056,	15067,	
2057,	15072,	
2058,	15058,	
2059,	15067,	
2060,	15064,	
2061,	15072,	
2062,	15066,	
2063,	15067,	
2064,	15064,	
2065,	15066,	
2066,	15067,	
2067,	15069,	
2068,	15065,	
2069,	15068,	
2070,	15069,	
2071,	15063,	
2072,	15065,	
2073,	15067,	
2074,	15068,	
2075,	15065,	
2076,	15064,	
2077,	15062,	
2078,	15061,	
2079,	15065,	
2080,	15068,	
2081,	15064,	
2082,	15069,	
2083,	15062,	
2084,	15066,	
2085,	15061,	
2086,	15071,	
2087,	15065,	
2088,	15072,	
2089,	15065,	
2090,	15068,	
2091,	15067,	
2092,	15066,	
2093,	15066,	
2094,	15064,	
2095,	15070,	
2096,	15067,	
2097,	15065,	
2098,	15067,	
2099,	15064,	
2100,	15063,	
2101,	15063,	
2102,	15064,	
2103,	15067,	
2104,	15070,	
2105,	15063,	
2106,	15068,	
2107,	15064,	
2108,	15069,	
2109,	15057,	
2110,	15059,	
2111,	15063,	
2112,	15065,	
2113,	15068,	
2114,	15064,	
2115,	15066,	
2116,	15073,	
2117,	15063,	
2118,	15057,	
2119,	15063,	
2120,	15067,	
2121,	15059,	
2122,	15067,	
2123,	15065,	
2124,	15066,	
2125,	15067,	
2126,	15070,	
2127,	15059,	
2128,	15058,	
2129,	15067,	
2130,	15062,	
2131,	15064,	
2132,	15065,	
2133,	15067,	
2134,	15062,	
2135,	15065,	
2136,	15063,	
2137,	15061,	
2138,	15061,	
2139,	15070,	
2140,	15063,	
2141,	15069,	
2142,	15064,	
2143,	15064,	
2144,	15062,	
2145,	15064,	
2146,	15065,	
2147,	15065,	
2148,	15069,	
2149,	15072,	
2150,	15060,	
2151,	15070,	
2152,	15059,	
2153,	15062,	
2154,	15061,	
2155,	15062,	
2156,	15062,	
2157,	15068,	
2158,	15064,	
2159,	15069,	
2160,	15070,	
2161,	15067,	
2162,	15062,	
2163,	15067,	
2164,	15063,	
2165,	15063,	
2166,	15071,	
2167,	15063,	
2168,	15068,	
2169,	15063,	
2170,	15066,	
2171,	15063,	
2172,	15060,	
2173,	15060,	
2174,	15065,	
2175,	15062,	
2176,	15067,	
2177,	15069,	
2178,	15063,	
2179,	15063,	
2180,	15061,	
2181,	15061,	
2182,	15064,	
2183,	15059,	
2184,	15068,	
2185,	15068,	
2186,	15070,	
2187,	15070,	
2188,	15075,	
2189,	15072,	
2190,	15065,	
2191,	15069,	
2192,	15068,	
2193,	15069,	
2194,	15069,	
2195,	15070,	
2196,	15070,	
2197,	15067,	
2198,	15070,	
2199,	15063,	
2200,	15072,	
2201,	15067,	
2202,	15068,	
2203,	15071,	
2204,	15071,	
2205,	15061,	
2206,	15070,	
2207,	15064,	
2208,	15067,	
2209,	15072,	
2210,	15068,	
2211,	15065,	
2212,	15062,	
2213,	15071,	
2214,	15061,	
2215,	15068,	
2216,	15072,	
2217,	15068,	
2218,	15071,	
2219,	15065,	
2220,	15067,	
2221,	15067,	
2222,	15067,	
2223,	15067,	
2224,	15067,	
2225,	15071,	
2226,	15072,	
2227,	15067,	
2228,	15066,	
2229,	15065,	
2230,	15066,	
2231,	15063,	
2232,	15064,	
2233,	15071,	
2234,	15061,	
2235,	15071,	
2236,	15073,	
2237,	15062,	
2238,	15066,	
2239,	15064,	
2240,	15068,	
2241,	15070,	
2242,	15061,	
2243,	15069,	
2244,	15070,	
2245,	15064,	
2246,	15072,	
2247,	15063,	
2248,	15071,	
2249,	15070,	
2250,	15064,	
2251,	15066,	
2252,	15064,	
2253,	15076,	
2254,	15069,	
2255,	15061,	
2256,	15069,	
2257,	15066,	
2258,	15073,	
2259,	15076,	
2260,	15065,	
2261,	15068,	
2262,	15062,	
2263,	15067,	
2264,	15063,	
2265,	15069,	
2266,	15058,	
2267,	15071,	
2268,	15062,	
2269,	15065,	
2270,	15060,	
2271,	15069,	
2272,	15072,	
2273,	15066,	
2274,	15060,	
2275,	15075,	
2276,	15066,	
2277,	15068,	
2278,	15065,	
2279,	15064,	
2280,	15064,	
2281,	15069,	
2282,	15064,	
2283,	15061,	
2284,	15063,	
2285,	15065,	
2286,	15067,	
2287,	15065,	
2288,	15068,	
2289,	15067,	
2290,	15064,	
2291,	15065,	
2292,	15069,	
2293,	15068,	
2294,	15065,	
2295,	15066,	
2296,	15072,	
2297,	15075,	
2298,	15074,	
2299,	15070,	
2300,	15063,	
2301,	15066,	
2302,	15068,	
2303,	15062,	
2304,	15067,	
2305,	15065,	
2306,	15059,	
2307,	15066,	
2308,	15065,	
2309,	15071,	
2310,	15067,	
2311,	15064,	
2312,	15066,	
2313,	15067,	
2314,	15065,	
2315,	15066,	
2316,	15059,	
2317,	15067,	
2318,	15058,	
2319,	15067,	
2320,	15063,	
2321,	15066,	
2322,	15064,	
2323,	15072,	
2324,	15069,	
2325,	15073,	
2326,	15065,	
2327,	15067,	
2328,	15065,	
2329,	15067,	
2330,	15063,	
2331,	15062,	
2332,	15072,	
2333,	15061,	
2334,	15067,	
2335,	15065,	
2336,	15068,	
2337,	15067,	
2338,	15062,	
2339,	15066,	
2340,	15062,	
2341,	15062,	
2342,	15063,	
2343,	15070,	
2344,	15061,	
2345,	15071,	
2346,	15063,	
2347,	15066,	
2348,	15067,	
2349,	15063,	
2350,	15071,	
2351,	15061,	
2352,	15062,	
2353,	15063,	
2354,	15066,	
2355,	15066,	
2356,	15074,	
2357,	15068,	
2358,	15062,	
2359,	15065,	
2360,	15067,	
2361,	15065,	
2362,	15073,	
2363,	15068,	
2364,	15069,	
2365,	15071,	
2366,	15064,	
2367,	15069,	
2368,	15067,	
2369,	15068,	
2370,	15066,	
2371,	15066,	
2372,	15071,	
2373,	15068,	
2374,	15073,	
2375,	15069,	
2376,	15069,	
2377,	15069,	
2378,	15064,	
2379,	15063,	
2380,	15067,	
2381,	15067,	
2382,	15069,	
2383,	15071,	
2384,	15076,	
2385,	15069,	
2386,	15074,	
2387,	15063,	
2388,	15069,	
2389,	15068,	
2390,	15074,	
2391,	15067,	
2392,	15064,	
2393,	15062,	
2394,	15067,	
2395,	15068,	
2396,	15071,	
2397,	15071,	
2398,	15071,	
2399,	15066,	
2400,	15071,	
2401,	15078,	
2402,	15071,	
2403,	15064,	
2404,	15065,	
2405,	15071,	
2406,	15071,	
2407,	15071,	
2408,	15068,	
2409,	15065,	
2410,	15070,	
2411,	15072,	
2412,	15069,	
2413,	15071,	
2414,	15070,	
2415,	15071,	
2416,	15071,	
2417,	15066,	
2418,	15073,	
2419,	15067,	
2420,	15068,	
2421,	15068,	
2422,	15067,	
2423,	15074,	
2424,	15066,	
2425,	15071,	
2426,	15071,	
2427,	15071,	
2428,	15068,	
2429,	15061,	
2430,	15060,	
2431,	15067,	
2432,	15068,	
2433,	15070,	
2434,	15067,	
2435,	15067,	
2436,	15066,	
2437,	15070,	
2438,	15060,	
2439,	15063,	
2440,	15070,	
2441,	15073,	
2442,	15072,	
2443,	15071,	
2444,	15066,	
2445,	15072,	
2446,	15072,	
2447,	15066,	
2448,	15069,	
2449,	15067,	
2450,	15067,	
2451,	15067,	
2452,	15064,	
2453,	15066,	
2454,	15070,	
2455,	15065,	
2456,	15069,	
2457,	15069,	
2458,	15068,	
2459,	15066,	
2460,	15066,	
2461,	15067,	
2462,	15064,	
2463,	15062,	
2464,	15071,	
2465,	15066,	
2466,	15072,	
2467,	15075,	
2468,	15074,	
2469,	15074,	
2470,	15069,	
2471,	15068,	
2472,	15069,	
2473,	15068,	
2474,	15068,	
2475,	15065,	
2476,	15072,	
2477,	15071,	
2478,	15068,	
2479,	15072,	
2480,	15077,	
2481,	15072,	
2482,	15069,	
2483,	15069,	
2484,	15069,	
2485,	15069,	
2486,	15071,	
2487,	15073,	
2488,	15069,	
2489,	15070,	
2490,	15065,	
2491,	15074,	
2492,	15064,	
2493,	15067,	
2494,	15070,	
2495,	15070,	
2496,	15069,	
2497,	15068,	
2498,	15074,	
2499,	15073,	
2500,	15064,	
2501,	15070,	
2502,	15071,	
2503,	15070,	
2504,	15069,	
2505,	15076,	
2506,	15071,	
2507,	15065,	
2508,	15068,	
2509,	15069,	
2510,	15071,	
2511,	15071,	
2512,	15076,	
2513,	15070,	
2514,	15070,	
2515,	15066,	
2516,	15068,	
2517,	15069,	
2518,	15067,	
2519,	15074,	
2520,	15068,	
2521,	15069,	
2522,	15072,	
2523,	15070,	
2524,	15076,	
2525,	15076,	
2526,	15068,	
2527,	15071,	
2528,	15068,	
2529,	15069,	
2530,	15071,	
2531,	15076,	
2532,	15075,	
2533,	15065,	
2534,	15068,	
2535,	15065,	
2536,	15073,	
2537,	15073,	
2538,	15069,	
2539,	15072,	
2540,	15067,	
2541,	15068,	
2542,	15064,	
2543,	15065,	
2544,	15075,	
2545,	15071,	
2546,	15066,	
2547,	15069,	
2548,	15066,	
2549,	15066,	
2550,	15064,	
2551,	15064,	
2552,	15073,	
2553,	15068,	
2554,	15071,	
2555,	15078,	
2556,	15066,	
2557,	15073,	
2558,	15071,	
2559,	15066,	
2560,	15069,	
2561,	15067,	
2562,	15065,	
2563,	15070,	
2564,	15070,	
2565,	15072,	
2566,	15068,	
2567,	15071,	
2568,	15061,	
2569,	15071,	
2570,	15070,	
2571,	15062,	
2572,	15066,	
2573,	15068,	
2574,	15064,	
2575,	15066,	
2576,	15074,	
2577,	15074,	
2578,	15067,	
2579,	15066,	
2580,	15069,	
2581,	15077,	
2582,	15062,	
2583,	15064,	
2584,	15071,	
2585,	15070,	
2586,	15071,	
2587,	15071,	
2588,	15075,	
2589,	15065,	
2590,	15072,	
2591,	15072,	
2592,	15066,	
2593,	15072,	
2594,	15069,	
2595,	15074,	
2596,	15073,	
2597,	15067,	
2598,	15063,	
2599,	15067,	
2600,	15071,	
2601,	15069,	
2602,	15064,	
2603,	15068,	
2604,	15072,	
2605,	15064,	
2606,	15069,	
2607,	15067,	
2608,	15071,	
2609,	15072,	
2610,	15068,	
2611,	15071,	
2612,	15064,	
2613,	15070,	
2614,	15074,	
2615,	15071,	
2616,	15071,	
2617,	15070,	
2618,	15073,	
2619,	15070,	
2620,	15075,	
2621,	15069,	
2622,	15074,	
2623,	15071,	
2624,	15070,	
2625,	15062,	
2626,	15072,	
2627,	15072,	
2628,	15068,	
2629,	15069,	
2630,	15075,	
2631,	15068,	
2632,	15072,	
2633,	15075,	
2634,	15075,	
2635,	15074,	
2636,	15068,	
2637,	15071,	
2638,	15073,	
2639,	15068,	
2640,	15071,	
2641,	15073,	
2642,	15074,	
2643,	15074,	
2644,	15071,	
2645,	15070,	
2646,	15069,	
2647,	15076,	
2648,	15075,	
2649,	15070,	
2650,	15071,	
2651,	15071,	
2652,	15072,	
2653,	15065,	
2654,	15069,	
2655,	15070,	
2656,	15074,	
2657,	15075,	
2658,	15065,	
2659,	15069,	
2660,	15065,	
2661,	15073,	
2662,	15072,	
2663,	15068,	
2664,	15073,	
2665,	15074,	
2666,	15070,	
2667,	15073,	
2668,	15071,	
2669,	15078,	
2670,	15072,	
2671,	15065,	
2672,	15074,	
2673,	15072,	
2674,	15065,	
2675,	15071,	
2676,	15075,	
2677,	15074,	
2678,	15076,	
2679,	15071,	
2680,	15069,	
2681,	15071,	
2682,	15076,	
2683,	15074,	
2684,	15071,	
2685,	15072,	
2686,	15070,	
2687,	15073,	
2688,	15071,	
2689,	15072,	
2690,	15070,	
2691,	15075,	
2692,	15078,	
2693,	15069,	
2694,	15065,	
2695,	15071,	
2696,	15073,	
2697,	15073,	
2698,	15070,	
2699,	15068,	
2700,	15072,	
2701,	15067,	
2702,	15068,	
2703,	15072,	
2704,	15067,	
2705,	15069,	
2706,	15073,	
2707,	15074,	
2708,	15074,	
2709,	15072,	
2710,	15073,	
2711,	15069,	
2712,	15075,	
2713,	15072,	
2714,	15070,	
2715,	15071,	
2716,	15070,	
2717,	15072,	
2718,	15066,	
2719,	15072,	
2720,	15069,	
2721,	15067,	
2722,	15074,	
2723,	15070,	
2724,	15068,	
2725,	15074,	
2726,	15070,	
2727,	15065,	
2728,	15074,	
2729,	15067,	
2730,	15072,	
2731,	15069,	
2732,	15067,	
2733,	15065,	
2734,	15068,	
2735,	15071,	
2736,	15071,	
2737,	15072,	
2738,	15074,	
2739,	15074,	
2740,	15069,	
2741,	15073,	
2742,	15067,	
2743,	15073,	
2744,	15068,	
2745,	15068,	
2746,	15069,	
2747,	15074,	
2748,	15069,	
2749,	15074,	
2750,	15072,	
2751,	15072,	
2752,	15071,	
2753,	15074,	
2754,	15072,	
2755,	15068,	
2756,	15072,	
2757,	15078,	
2758,	15073,	
2759,	15077,	
2760,	15068,	
2761,	15075,	
2762,	15067,	
2763,	15064,	
2764,	15071,	
2765,	15074,	
2766,	15069,	
2767,	15067,	
2768,	15066,	
2769,	15069,	
2770,	15076,	
2771,	15074,	
2772,	15068,	
2773,	15072,	
2774,	15071,	
2775,	15075,	
2776,	15078,	
2777,	15064,	
2778,	15067,	
2779,	15073,	
2780,	15071,	
2781,	15072,	
2782,	15071,	
2783,	15070,	
2784,	15065,	
2785,	15073,	
2786,	15077,	
2787,	15075,	
2788,	15066,	
2789,	15077,	
2790,	15071,	
2791,	15064,	
2792,	15069,	
2793,	15071,	
2794,	15071,	
2795,	15070,	
2796,	15076,	
2797,	15069,	
2798,	15071,	
2799,	15072,	
2800,	15067,	
2801,	15068,	
2802,	15078,	
2803,	15070,	
2804,	15072,	
2805,	15077,	
2806,	15072,	
2807,	15076,	
2808,	15066,	
2809,	15070,	
2810,	15069,	
2811,	15065,	
2812,	15069,	
2813,	15071,	
2814,	15075,	
2815,	15069,	
2816,	15072,	
2817,	15067,	
2818,	15075,	
2819,	15070,	
2820,	15068,	
2821,	15067,	
2822,	15078,	
2823,	15072,	
2824,	15074,	
2825,	15070,	
2826,	15069,	
2827,	15074,	
2828,	15075,	
2829,	15073,	
2830,	15073,	
2831,	15077,	
2832,	15072,	
2833,	15077,	
2834,	15070,	
2835,	15066,	
2836,	15071,	
2837,	15072,	
2838,	15072,	
2839,	15072,	
2840,	15072,	
2841,	15067,	
2842,	15071,	
2843,	15072,	
2844,	15066,	
2845,	15070,	
2846,	15069,	
2847,	15070,	
2848,	15069,	
2849,	15067,	
2850,	15069,	
2851,	15074,	
2852,	15069,	
2853,	15070,	
2854,	15071,	
2855,	15069,	
2856,	15074,	
2857,	15071,	
2858,	15074,	
2859,	15071,	
2860,	15068,	
2861,	15073,	
2862,	15068,	
2863,	15068,	
2864,	15068,	
2865,	15071,	
2866,	15074,	
2867,	15070,	
2868,	15069,	
2869,	15067,	
2870,	15070,	
2871,	15077,	
2872,	15071,	
2873,	15073,	
2874,	15067,	
2875,	15072,	
2876,	15073,	
2877,	15075,	
2878,	15069,	
2879,	15075,	
2880,	15068,	
2881,	15071,	
2882,	15076,	
2883,	15072,	
2884,	15075,	
2885,	15065,	
2886,	15070,	
2887,	15069,	
2888,	15067,	
2889,	15071,	
2890,	15066,	
2891,	15071,	
2892,	15073,	
2893,	15079,	
2894,	15075,	
2895,	15076,	
2896,	15071,	
2897,	15076,	
2898,	15065,	
2899,	15072,	
2900,	15070,	
2901,	15074,	
2902,	15079,	
2903,	15076,	
2904,	15076,	
2905,	15071,	
2906,	15067,	
2907,	15074,	
2908,	15073,	
2909,	15069,	
2910,	15073,	
2911,	15073,	
2912,	15072,	
2913,	15067,	
2914,	15065,	
2915,	15077,	
2916,	15074,	
2917,	15075,	
2918,	15071,	
2919,	15074,	
2920,	15077,	
2921,	15067,	
2922,	15077,	
2923,	15072,	
2924,	15069,	
2925,	15074,	
2926,	15072,	
2927,	15069,	
2928,	15068,	
2929,	15074,	
2930,	15068,	
2931,	15063,	
2932,	15075,	
2933,	15075,	
2934,	15067,	
2935,	15070,	
2936,	15070,	
2937,	15069,	
2938,	15075,	
2939,	15075,	
2940,	15073,	
2941,	15072,	
2942,	15074,	
2943,	15065,	
2944,	15074,	
2945,	15071,	
2946,	15067,	
2947,	15068,	
2948,	15069,	
2949,	15080,	
2950,	15075,	
2951,	15078,	
2952,	15071,	
2953,	15071,	
2954,	15068,	
2955,	15066,	
2956,	15069,	
2957,	15072,	
2958,	15072,	
2959,	15071,	
2960,	15074,	
2961,	15074,	
2962,	15061,	
2963,	15073,	
2964,	15073,	
2965,	15073,	
2966,	15067,	
2967,	15070,	
2968,	15082,	
2969,	15077,	
2970,	15072,	
2971,	15073,	
2972,	15070,	
2973,	15071,	
2974,	15077,	
2975,	15075,	
2976,	15083,	
2977,	15078,	
2978,	15071,	
2979,	15073,	
2980,	15070,	
2981,	15077,	
2982,	15073,	
2983,	15073,	
2984,	15074,	
2985,	15072,	
2986,	15069,	
2987,	15071,	
2988,	15075,	
2989,	15073,	
2990,	15073,	
2991,	15072,	
2992,	15076,	
2993,	15076,	
2994,	15071,	
2995,	15075,	
2996,	15076,	
2997,	15080,	
2998,	15077,	
2999,	15074,	
3000,	15073,	
3001,	15074,	
3002,	15077,	
3003,	15072,	
3004,	15070,	
3005,	15075,	
3006,	15068,	
3007,	15077,	
3008,	15077,	
3009,	15080,	
3010,	15072,	
3011,	15078,	
3012,	15072,	
3013,	15081,	
3014,	15078,	
3015,	15076,	
3016,	15074,	
3017,	15075,	
3018,	15073,	
3019,	15069,	
3020,	15071,	
3021,	15080,	
3022,	15069,	
3023,	15076,	
3024,	15072,	
3025,	15080,	
3026,	15072,	
3027,	15071,	
3028,	15074,	
3029,	15071,	
3030,	15072,	
3031,	15077,	
3032,	15072,	
3033,	15069,	
3034,	15074,	
3035,	15070,	
3036,	15074,	
3037,	15069,	
3038,	15076,	
3039,	15069,	
3040,	15070,	
3041,	15072,	
3042,	15067,	
3043,	15071,	
3044,	15078,	
3045,	15067,	
3046,	15073,	
3047,	15072,	
3048,	15077,	
3049,	15074,	
3050,	15076,	
3051,	15071,	
3052,	15075,	
3053,	15071,	
3054,	15066,	
3055,	15069,	
3056,	15070,	
3057,	15075,	
3058,	15077,	
3059,	15069,	
3060,	15069,	
3061,	15072,	
3062,	15071,	
3063,	15067,	
3064,	15074,	
3065,	15074,	
3066,	15073,	
3067,	15072,	
3068,	15073,	
3069,	15076,	
3070,	15071,	
3071,	15075,	
3072,	15081,	
3073,	15072,	
3074,	15087,	
3075,	15074,	
3076,	15080,	
3077,	15071,	
3078,	15064,	
3079,	15081,	
3080,	15074,	
3081,	15083,	
3082,	15076,	
3083,	15068,	
3084,	15071,	
3085,	15074,	
3086,	15060,	
3087,	15075,	
3088,	15069,	
3089,	15082,	
3090,	15072,	
3091,	15073,	
3092,	15078,	
3093,	15073,	
3094,	15081,	
3095,	15073,	
3096,	15071,	
3097,	15074,	
3098,	15069,	
3099,	15078,	
3100,	15065,	
3101,	15076,	
3102,	15071,	
3103,	15068,	
3104,	15071,	
3105,	15073,	
3106,	15067,	
3107,	15074,	
3108,	15073,	
3109,	15071,	
3110,	15066,	
3111,	15069,	
3112,	15072,	
3113,	15069,	
3114,	15067,	
3115,	15079,	
3116,	15072,	
3117,	15072,	
3118,	15068,	
3119,	15066,	
3120,	15073,	
3121,	15070,	
3122,	15076,	
3123,	15078,	
3124,	15072,	
3125,	15073,	
3126,	15069,	
3127,	15072,	
3128,	15074,	
3129,	15068,	
3130,	15073,	
3131,	15077,	
3132,	15071,	
3133,	15071,	
3134,	15075,	
3135,	15077,	
3136,	15079,	
3137,	15082,	
3138,	15075,	
3139,	15071,	
3140,	15073,	
3141,	15074,	
3142,	15075,	
3143,	15075,	
3144,	15077,	
3145,	15078,	
3146,	15072,	
3147,	15078,	
3148,	15071,	
3149,	15074,	
3150,	15072,	
3151,	15078,	
3152,	15073,	
3153,	15070,	
3154,	15073,	
3155,	15074,	
3156,	15069,	
3157,	15078,	
3158,	15070,	
3159,	15070,	
3160,	15078,	
3161,	15074,	
3162,	15083,	
3163,	15075,	
3164,	15072,	
3165,	15068,	
3166,	15074,	
3167,	15074,	
3168,	15070,	
3169,	15071,	
3170,	15069,	
3171,	15075,	
3172,	15079,	
3173,	15075,	
3174,	15071,	
3175,	15073,	
3176,	15081,	
3177,	15078,	
3178,	15076,	
3179,	15074,	
3180,	15073,	
3181,	15070,	
3182,	15077,	
3183,	15074,	
3184,	15074,	
3185,	15078,	
3186,	15075,	
3187,	15075,	
3188,	15074,	
3189,	15073,	
3190,	15070,	
3191,	15076,	
3192,	15073,	
3193,	15077,	
3194,	15070,	
3195,	15073,	
3196,	15079,	
3197,	15074,	
3198,	15073,	
3199,	15076,	
3200,	15076,	
3201,	15074,	
3202,	15069,	
3203,	15077,	
3204,	15070,	
3205,	15076,	
3206,	15074,	
3207,	15075,	
3208,	15071,	
3209,	15079,	
3210,	15080,	
3211,	15079,	
3212,	15074,	
3213,	15073,	
3214,	15074,	
3215,	15086,	
3216,	15078,	
3217,	15079,	
3218,	15079,	
3219,	15078,	
3220,	15079,	
3221,	15075,	
3222,	15071,	
3223,	15071,	
3224,	15080,	
3225,	15080,	
3226,	15073,	
3227,	15072,	
3228,	15075,	
3229,	15071,	
3230,	15083,	
3231,	15077,	
3232,	15080,	
3233,	15073,	
3234,	15068,	
3235,	15073,	
3236,	15081,	
3237,	15079,	
3238,	15075,	
3239,	15078,	
3240,	15071,	
3241,	15081,	
3242,	15076,	
3243,	15071,	
3244,	15072,	
3245,	15077,	
3246,	15073,	
3247,	15081,	
3248,	15080,	
3249,	15076,	
3250,	15075,	
3251,	15077,	
3252,	15078,	
3253,	15074,	
3254,	15074,	
3255,	15078,	
3256,	15079,	
3257,	15077,	
3258,	15075,	
3259,	15072,	
3260,	15075,	
3261,	15067,	
3262,	15068,	
3263,	15071,	
3264,	15077,	
3265,	15078,	
3266,	15077,	
3267,	15074,	
3268,	15073,	
3269,	15072,	
3270,	15075,	
3271,	15078,	
3272,	15072,	
3273,	15081,	
3274,	15074,	
3275,	15077,	
3276,	15074,	
3277,	15076,	
3278,	15073,	
3279,	15070,	
3280,	15082,	
3281,	15077,	
3282,	15076,	
3283,	15078,	
3284,	15077,	
3285,	15075,	
3286,	15074,	
3287,	15078,	
3288,	15076,	
3289,	15077,	
3290,	15078,	
3291,	15077,	
3292,	15068,	
3293,	15076,	
3294,	15075,	
3295,	15076,	
3296,	15078,	
3297,	15082,	
3298,	15081,	
3299,	15074,	
3300,	15071,	
3301,	15074,	
3302,	15071,	
3303,	15078,	
3304,	15072,	
3305,	15079,	
3306,	15082,	
3307,	15077,	
3308,	15076,	
3309,	15075,	
3310,	15076,	
3311,	15075,	
3312,	15076,	
3313,	15067,	
3314,	15074,	
3315,	15076,	
3316,	15074,	
3317,	15080,	
3318,	15081,	
3319,	15072,	
3320,	15081,	
3321,	15073,	
3322,	15081,	
3323,	15074,	
3324,	15079,	
3325,	15071,	
3326,	15069,	
3327,	15072,	
3328,	15074,	
3329,	15070,	
3330,	15074,	
3331,	15079,	
3332,	15078,	
3333,	15076,	
3334,	15073,	
3335,	15074,	
3336,	15071,	
3337,	15076,	
3338,	15072,	
3339,	15070,	
3340,	15072,	
3341,	15077,	
3342,	15074,	
3343,	15076,	
3344,	15079,	
3345,	15076,	
3346,	15077,	
3347,	15074,	
3348,	15074,	
3349,	15075,	
3350,	15077,	
3351,	15078,	
3352,	15074,	
3353,	15074,	
3354,	15075,	
3355,	15079,	
3356,	15078,	
3357,	15077,	
3358,	15071,	
3359,	15081,	
3360,	15069,	
3361,	15076,	
3362,	15079,	
3363,	15076,	
3364,	15074,	
3365,	15070,	
3366,	15079,	
3367,	15073,	
3368,	15076,	
3369,	15077,	
3370,	15073,	
3371,	15078,	
3372,	15081,	
3373,	15071,	
3374,	15072,	
3375,	15076,	
3376,	15081,	
3377,	15072,	
3378,	15078,	
3379,	15073,	
3380,	15067,	
3381,	15065,	
3382,	15069,	
3383,	15070,	
3384,	15075,	
3385,	15073,	
3386,	15079,	
3387,	15078,	
3388,	15080,	
3389,	15076,	
3390,	15079,	
3391,	15075,	
3392,	15077,	
3393,	15072,	
3394,	15079,	
3395,	15076,	
3396,	15069,	
3397,	15078,	
3398,	15075,	
3399,	15081,	
3400,	15075,	
3401,	15072,	
3402,	15073,	
3403,	15076,	
3404,	15079,	
3405,	15080,	
3406,	15075,	
3407,	15077,	
3408,	15075,	
3409,	15076,	
3410,	15074,	
3411,	15075,	
3412,	15072,	
3413,	15073,	
3414,	15080,	
3415,	15082,	
3416,	15074,	
3417,	15082,	
3418,	15068,	
3419,	15073,	
3420,	15079,	
3421,	15076,	
3422,	15074,	
3423,	15078,	
3424,	15071,	
3425,	15078,	
3426,	15082,	
3427,	15071,	
3428,	15076,	
3429,	15076,	
3430,	15079,	
3431,	15077,	
3432,	15084,	
3433,	15073,	
3434,	15074,	
3435,	15078,	
3436,	15079,	
3437,	15079,	
3438,	15081,	
3439,	15077,	
3440,	15078,	
3441,	15076,	
3442,	15079,	
3443,	15081,	
3444,	15074,	
3445,	15072,	
3446,	15074,	
3447,	15076,	
3448,	15076,	
3449,	15074,	
3450,	15073,	
3451,	15084,	
3452,	15081,	
3453,	15083,	
3454,	15070,	
3455,	15080,	
3456,	15074,	
3457,	15080,	
3458,	15078,	
3459,	15073,	
3460,	15084,	
3461,	15075,	
3462,	15073,	
3463,	15067,	
3464,	15080,	
3465,	15070,	
3466,	15077,	
3467,	15076,	
3468,	15072,	
3469,	15079,	
3470,	15068,	
3471,	15072,	
3472,	15071,	
3473,	15072,	
3474,	15079,	
3475,	15081,	
3476,	15077,	
3477,	15076,	
3478,	15070,	
3479,	15075,	
3480,	15075,	
3481,	15077,	
3482,	15081,	
3483,	15083,	
3484,	15082,	
3485,	15073,	
3486,	15077,	
3487,	15076,	
3488,	15071,	
3489,	15076,	
3490,	15077,	
3491,	15077,	
3492,	15081,	
3493,	15073,	
3494,	15073,	
3495,	15073,	
3496,	15085,	
3497,	15083,	
3498,	15078,	
3499,	15081,	
3500,	15079,	
3501,	15076,	
3502,	15077,	
3503,	15071,	
3504,	15077,	
3505,	15078,	
3506,	15076,	
3507,	15074,	
3508,	15070,	
3509,	15072,	
3510,	15076,	
3511,	15074,	
3512,	15072,	
3513,	15073,	
3514,	15082,	
3515,	15077,	
3516,	15081,	
3517,	15078,	
3518,	15074,	
3519,	15078,	
3520,	15080,	
3521,	15073,	
3522,	15072,	
3523,	15079,	
3524,	15076,	
3525,	15075,	
3526,	15078,	
3527,	15079,	
3528,	15072,	
3529,	15079,	
3530,	15079,	
3531,	15071,	
3532,	15076,	
3533,	15077,	
3534,	15071,	
3535,	15079,	
3536,	15074,	
3537,	15078,	
3538,	15080,	
3539,	15075,	
3540,	15080,	
3541,	15073,	
3542,	15074,	
3543,	15078,	
3544,	15071,	
3545,	15079,	
3546,	15073,	
3547,	15077,	
3548,	15076,	
3549,	15081,	
3550,	15077,	
3551,	15075,	
3552,	15081,	
3553,	15073,	
3554,	15076,	
3555,	15080,	
3556,	15074,	
3557,	15080,	
3558,	15075,	
3559,	15078,	
3560,	15087,	
3561,	15082,	
3562,	15079,	
3563,	15080,	
3564,	15076,	
3565,	15081,	
3566,	15081,	
3567,	15080,	
3568,	15074,	
3569,	15081,	
3570,	15078,	
3571,	15073,	
3572,	15079,	
3573,	15078,	
3574,	15078,	
3575,	15073,	
3576,	15081,	
3577,	15079,	
3578,	15079,	
3579,	15074,	
3580,	15078,	
3581,	15081,	
3582,	15074,	
3583,	15075,	
3584,	15075,	
3585,	15082,	
3586,	15079,	
3587,	15079,	
3588,	15085,	
3589,	15077,	
3590,	15074,	
3591,	15085,	
3592,	15075,	
3593,	15077,	
3594,	15074,	
3595,	15078,	
3596,	15073,	
3597,	15074,	
3598,	15081,	
3599,	15080,	
3600,	15086,	
3601,	15075,	
3602,	15074,	
3603,	15083,	
3604,	15075,	
3605,	15082,	
3606,	15077,	
3607,	15080,	
3608,	15074,	
3609,	15073,	
3610,	15075,	
3611,	15075,	
3612,	15081,	
3613,	15078,	
3614,	15081,	
3615,	15080,	
3616,	15077,	
3617,	15082,	
3618,	15078,	
3619,	15080,	
3620,	15077,	
3621,	15078,	
3622,	15091,	
3623,	15080,	
3624,	15082,	
3625,	15078,	
3626,	15084,	
3627,	15081,	
3628,	15078,	
3629,	15085,	
3630,	15083,	
3631,	15081,	
3632,	15079,	
3633,	15085,	
3634,	15078,	
3635,	15078,	
3636,	15074,	
3637,	15076,	
3638,	15074,	
3639,	15077,	
3640,	15076,	
3641,	15080,	
3642,	15075,	
3643,	15087,	
3644,	15079,	
3645,	15073,	
3646,	15079,	
3647,	15078,	
3648,	15078,	
3649,	15081,	
3650,	15077,	
3651,	15084,	
3652,	15080,	
3653,	15076,	
3654,	15082,	
3655,	15077,	
3656,	15083,	
3657,	15077,	
3658,	15083,	
3659,	15079,	
3660,	15086,	
3661,	15075,	
3662,	15083,	
3663,	15076,	
3664,	15075,	
3665,	15079,	
3666,	15086,	
3667,	15081,	
3668,	15084,	
3669,	15081,	
3670,	15080,	
3671,	15071,	
3672,	15080,	
3673,	15081,	
3674,	15073,	
3675,	15081,	
3676,	15081,	
3677,	15078,	
3678,	15076,	
3679,	15067,	
3680,	15078,	
3681,	15080,	
3682,	15075,	
3683,	15079,	
3684,	15072,	
3685,	15075,	
3686,	15081,	
3687,	15080,	
3688,	15081,	
3689,	15080,	
3690,	15077,	
3691,	15079,	
3692,	15076,	
3693,	15074,	
3694,	15077,	
3695,	15081,	
3696,	15081,	
3697,	15079,	
3698,	15082,	
3699,	15084,	
3700,	15077,	
3701,	15077,	
3702,	15073,	
3703,	15079,	
3704,	15075,	
3705,	15081,	
3706,	15076,	
3707,	15080,	
3708,	15080,	
3709,	15084,	
3710,	15079,	
3711,	15080,	
3712,	15077,	
3713,	15080,	
3714,	15082,	
3715,	15074,	
3716,	15076,	
3717,	15087,	
3718,	15075,	
3719,	15080,	
3720,	15077,	
3721,	15082,	
3722,	15080,	
3723,	15079,	
3724,	15075,	
3725,	15079,	
3726,	15077,	
3727,	15083,	
3728,	15083,	
3729,	15073,	
3730,	15077,	
3731,	15085,	
3732,	15073,	
3733,	15076,	
3734,	15081,	
3735,	15080,	
3736,	15077,	
3737,	15079,	
3738,	15077,	
3739,	15080,	
3740,	15075,	
3741,	15075,	
3742,	15078,	
3743,	15084,	
3744,	15078,	
3745,	15085,	
3746,	15080,	
3747,	15078,	
3748,	15082,	
3749,	15083,	
3750,	15088,	
3751,	15084,	
3752,	15081,	
3753,	15079,	
3754,	15081,	
3755,	15080,	
3756,	15081,	
3757,	15074,	
3758,	15079,	
3759,	15079,	
3760,	15076,	
3761,	15080,	
3762,	15078,	
3763,	15083,	
3764,	15081,	
3765,	15083,	
3766,	15078,	
3767,	15079,	
3768,	15082,	
3769,	15084,	
3770,	15077,	
3771,	15077,	
3772,	15080,	
3773,	15077,	
3774,	15078,	
3775,	15075,	
3776,	15089,	
3777,	15082,	
3778,	15080,	
3779,	15080,	
3780,	15077,	
3781,	15080,	
3782,	15078,	
3783,	15078,	
3784,	15082,	
3785,	15079,	
3786,	15077,	
3787,	15071,	
3788,	15073,	
3789,	15075,	
3790,	15071,	
3791,	15087,	
3792,	15078,	
3793,	15082,	
3794,	15079,	
3795,	15084,	
3796,	15081,	
3797,	15080,	
3798,	15078,	
3799,	15083,	
3800,	15078,	
3801,	15074,	
3802,	15074,	
3803,	15078,	
3804,	15084,	
3805,	15080,	
3806,	15084,	
3807,	15076,	
3808,	15083,	
3809,	15082,	
3810,	15073,	
3811,	15079,	
3812,	15078,	
3813,	15082,	
3814,	15082,	
3815,	15080,	
3816,	15079,	
3817,	15083,	
3818,	15080,	
3819,	15069,	
3820,	15086,	
3821,	15079,	
3822,	15086,	
3823,	15083,	
3824,	15081,	
3825,	15084,	
3826,	15076,	
3827,	15084,	
3828,	15075,	
3829,	15082,	
3830,	15080,	
3831,	15078,	
3832,	15083,	
3833,	15077,	
3834,	15079,	
3835,	15082,	
3836,	15084,	
3837,	15085,	
3838,	15077,	
3839,	15084,	
3840,	15082,	
3841,	15083,	
3842,	15078,	
3843,	15083,	
3844,	15075,	
3845,	15085,	
3846,	15078,	
3847,	15088,	
3848,	15083,	
3849,	15091,	
3850,	15085,	
3851,	15074,	
3852,	15081,	
3853,	15083,	
3854,	15070,	
3855,	15078,	
3856,	15081,	
3857,	15078,	
3858,	15078,	
3859,	15080,	
3860,	15081,	
3861,	15079,	
3862,	15076,	
3863,	15081,	
3864,	15080,	
3865,	15082,	
3866,	15083,	
3867,	15086,	
3868,	15089,	
3869,	15082,	
3870,	15083,	
3871,	15078,	
3872,	15077,	
3873,	15081,	
3874,	15084,	
3875,	15083,	
3876,	15092,	
3877,	15090,	
3878,	15087,	
3879,	15078,	
3880,	15081,	
3881,	15076,	
3882,	15078,	
3883,	15078,	
3884,	15076,	
3885,	15087,	
3886,	15085,	
3887,	15081,	
3888,	15085,	
3889,	15082,	
3890,	15083,	
3891,	15083,	
3892,	15082,	
3893,	15081,	
3894,	15082,	
3895,	15084,	
3896,	15082,	
3897,	15078,	
3898,	15083,	
3899,	15083,	
3900,	15084,	
3901,	15086,	
3902,	15077,	
3903,	15087,	
3904,	15085,	
3905,	15084,	
3906,	15078,	
3907,	15088,	
3908,	15082,	
3909,	15083,	
3910,	15086,	
3911,	15083,	
3912,	15083,	
3913,	15087,	
3914,	15076,	
3915,	15089,	
3916,	15082,	
3917,	15080,	
3918,	15084,	
3919,	15078,	
3920,	15082,	
3921,	15081,	
3922,	15079,	
3923,	15081,	
3924,	15083,	
3925,	15084,	
3926,	15081,	
3927,	15078,	
3928,	15082,	
3929,	15074,	
3930,	15084,	
3931,	15081,	
3932,	15080,	
3933,	15076,	
3934,	15080,	
3935,	15084,	
3936,	15081,	
3937,	15075,	
3938,	15081,	
3939,	15077,	
3940,	15078,	
3941,	15082,	
3942,	15075,	
3943,	15080,	
3944,	15078,	
3945,	15082,	
3946,	15072,	
3947,	15083,	
3948,	15083,	
3949,	15083,	
3950,	15080,	
3951,	15077,	
3952,	15080,	
3953,	15082,	
3954,	15081,	
3955,	15077,	
3956,	15080,	
3957,	15081,	
3958,	15078,	
3959,	15076,	
3960,	15078,	
3961,	15084,	
3962,	15076,	
3963,	15080,	
3964,	15082,	
3965,	15081,	
3966,	15083,	
3967,	15080,	
3968,	15085,	
3969,	15079,	
3970,	15076,	
3971,	15084,	
3972,	15079,	
3973,	15086,	
3974,	15082,	
3975,	15085,	
3976,	15082,	
3977,	15091,	
3978,	15083,	
3979,	15086,	
3980,	15075,	
3981,	15081,	
3982,	15082,	
3983,	15083,	
3984,	15077,	
3985,	15085,	
3986,	15085,	
3987,	15080,	
3988,	15083,	
3989,	15076,	
3990,	15075,	
3991,	15084,	
3992,	15091,	
3993,	15077,	
3994,	15083,	
3995,	15078,	
3996,	15088,	
3997,	15080,	
3998,	15085,	
3999,	15080,	
4000,	15080,	
4001,	15086,	
4002,	15087,	
4003,	15085,	
4004,	15084,	
4005,	15080,	
4006,	15085,	
4007,	15087,	
4008,	15083,	
4009,	15084,	
4010,	15087,	
4011,	15079,	
4012,	15088,	
4013,	15086,	
4014,	15087,	
4015,	15088,	
4016,	15085,	
4017,	15085,	
4018,	15086,	
4019,	15088,	
4020,	15081,	
4021,	15082,	
4022,	15087,	
4023,	15081,	
4024,	15087,	
4025,	15083,	
4026,	15078,	
4027,	15079,	
4028,	15085,	
4029,	15086,	
4030,	15089,	
4031,	15089,	
4032,	15076,	
4033,	15082,	
4034,	15086,	
4035,	15082,	
4036,	15086,	
4037,	15082,	
4038,	15084,	
4039,	15090,	
4040,	15087,	
4041,	15085,	
4042,	15083,	
4043,	15085,	
4044,	15080,	
4045,	15090,	
4046,	15086,	
4047,	15082,	
4048,	15082,	
4049,	15081,	
4050,	15081,	
4051,	15080,	
4052,	15085,	
4053,	15085,	
4054,	15082,	
4055,	15087,	
4056,	15086,	
4057,	15083,	
4058,	15080,	
4059,	15086,	
4060,	15087,	
4061,	15077,	
4062,	15083,	
4063,	15086,	
4064,	15083,	
4065,	15086,	
4066,	15087,	
4067,	15083,	
4068,	15082,	
4069,	15085,	
4070,	15084,	
4071,	15083,	
4072,	15088,	
4073,	15084,	
4074,	15084,	
4075,	15084,	
4076,	15086,	
4077,	15086,	
4078,	15086,	
4079,	15078,	
4080,	15083,	
4081,	15080,	
4082,	15082,	
4083,	15082,	
4084,	15086,	
4085,	15079,	
4086,	15084,	
4087,	15088,	
4088,	15085,	
4089,	15085,	
4090,	15088,	
4091,	15088,	
4092,	15083,	
4093,	15076,	
4094,	15079,	
4095,	15086,	
4096,	15089,	
4097,	15088,	
4098,	15084,	
4099,	15085,	
4100,	15086,	
4101,	15089,	
4102,	15088,	
4103,	15080,	
4104,	15076,	
4105,	15081,	
4106,	15078,	
4107,	15084,	
4108,	15082,	
4109,	15091,	
4110,	15084,	
4111,	15088,	
4112,	15084,	
4113,	15085,	
4114,	15072,	
4115,	15083,	
4116,	15085,	
4117,	15086,	
4118,	15087,	
4119,	15087,	
4120,	15081,	
4121,	15083,	
4122,	15084,	
4123,	15076,	
4124,	15087,	
4125,	15082,	
4126,	15080,	
4127,	15084,	
4128,	15087,	
4129,	15085,	
4130,	15085,	
4131,	15084,	
4132,	15079,	
4133,	15083,	
4134,	15087,	
4135,	15086,	
4136,	15087,	
4137,	15090,	
4138,	15083,	
4139,	15079,	
4140,	15081,	
4141,	15077,	
4142,	15081,	
4143,	15083,	
4144,	15084,	
4145,	15084,	
4146,	15084,	
4147,	15084,	
4148,	15083,	
4149,	15084,	
4150,	15080,	
4151,	15091,	
4152,	15083,	
4153,	15079,	
4154,	15082,	
4155,	15079,	
4156,	15084,	
4157,	15086,	
4158,	15080,	
4159,	15083,	
4160,	15087,	
4161,	15082,	
4162,	15084,	
4163,	15088,	
4164,	15090,	
4165,	15085,	
4166,	15084,	
4167,	15088,	
4168,	15080,	
4169,	15083,	
4170,	15087,	
4171,	15084,	
4172,	15089,	
4173,	15085,	
4174,	15092,	
4175,	15089,	
4176,	15093,	
4177,	15084,	
4178,	15090,	
4179,	15083,	
4180,	15082,	
4181,	15079,	
4182,	15084,	
4183,	15091,	
4184,	15086,	
4185,	15091,	
4186,	15086,	
4187,	15085,	
4188,	15086,	
4189,	15086,	
4190,	15094,	
4191,	15086,	
4192,	15090,	
4193,	15084,	
4194,	15080,	
4195,	15089,	
4196,	15085,	
4197,	15088,	
4198,	15083,	
4199,	15093,	
4200,	15086,	
4201,	15091,	
4202,	15086,	
4203,	15085,	
4204,	15087,	
4205,	15086,	
4206,	15087,	
4207,	15090,	
4208,	15080,	
4209,	15086,	
4210,	15079,	
4211,	15088,	
4212,	15088,	
4213,	15081,	
4214,	15089,	
4215,	15088,	
4216,	15093,	
4217,	15088,	
4218,	15084,	
4219,	15082,	
4220,	15086,	
4221,	15088,	
4222,	15080,	
4223,	15078,	
4224,	15083,	
4225,	15086,	
4226,	15085,	
4227,	15093,	
4228,	15089,	
4229,	15081,	
4230,	15087,	
4231,	15089,	
4232,	15086,	
4233,	15084,	
4234,	15081,	
4235,	15091,	
4236,	15088,	
4237,	15087,	
4238,	15088,	
4239,	15086,	
4240,	15096,	
4241,	15088,	
4242,	15078,	
4243,	15088,	
4244,	15087,	
4245,	15086,	
4246,	15086,	
4247,	15082,	
4248,	15087,	
4249,	15088,	
4250,	15083,	
4251,	15088,	
4252,	15087,	
4253,	15088,	
4254,	15084,	
4255,	15081,	
4256,	15091,	
4257,	15092,	
4258,	15084,	
4259,	15091,	
4260,	15082,	
4261,	15091,	
4262,	15086,	
4263,	15085,	
4264,	15080,	
4265,	15097,	
4266,	15087,	
4267,	15088,	
4268,	15088,	
4269,	15092,	
4270,	15086,	
4271,	15087,	
4272,	15084,	
4273,	15083,	
4274,	15090,	
4275,	15084,	
4276,	15095,	
4277,	15087,	
4278,	15090,	
4279,	15083,	
4280,	15083,	
4281,	15090,	
4282,	15088,	
4283,	15089,	
4284,	15096,	
4285,	15088,	
4286,	15089,	
4287,	15089,	
4288,	15082,	
4289,	15088,	
4290,	15082,	
4291,	15095,	
4292,	15094,	
4293,	15087,	
4294,	15085,	
4295,	15086,	
4296,	15088,	
4297,	15090,	
4298,	15087,	
4299,	15093,	
4300,	15085,	
4301,	15090,	
4302,	15089,	
4303,	15085,	
4304,	15089,	
4305,	15091,	
4306,	15089,	
4307,	15085,	
4308,	15080,	
4309,	15088,	
4310,	15079,	
4311,	15088,	
4312,	15089,	
4313,	15086,	
4314,	15089,	
4315,	15091,	
4316,	15086,	
4317,	15090,	
4318,	15085,	
4319,	15084,	
4320,	15090,	
4321,	15084,	
4322,	15086,	
4323,	15087,	
4324,	15090,	
4325,	15093,	
4326,	15085,	
4327,	15087,	
4328,	15089,	
4329,	15086,	
4330,	15090,	
4331,	15090,	
4332,	15089,	
4333,	15093,	
4334,	15089,	
4335,	15090,	
4336,	15092,	
4337,	15094,	
4338,	15091,	
4339,	15095,	
4340,	15088,	
4341,	15092,	
4342,	15091,	
4343,	15087,	
4344,	15090,	
4345,	15085,	
4346,	15093,	
4347,	15094,	
4348,	15087,	
4349,	15088,	
4350,	15087,	
4351,	15090,	
4352,	15090,	
4353,	15083,	
4354,	15086,	
4355,	15088,	
4356,	15089,	
4357,	15094,	
4358,	15089,	
4359,	15087,	
4360,	15090,	
4361,	15082,	
4362,	15082,	
4363,	15091,	
4364,	15088,	
4365,	15091,	
4366,	15087,	
4367,	15087,	
4368,	15093,	
4369,	15090,	
4370,	15092,	
4371,	15084,	
4372,	15091,	
4373,	15088,	
4374,	15091,	
4375,	15088,	
4376,	15088,	
4377,	15093,	
4378,	15084,	
4379,	15091,	
4380,	15094,	
4381,	15085,	
4382,	15084,	
4383,	15092,	
4384,	15092,	
4385,	15092,	
4386,	15085,	
4387,	15086,	
4388,	15090,	
4389,	15086,	
4390,	15086,	
4391,	15086,	
4392,	15089,	
4393,	15087,	
4394,	15087,	
4395,	15092,	
4396,	15087,	
4397,	15087,	
4398,	15092,	
4399,	15092,	
4400,	15095,	
4401,	15095,	
4402,	15092,	
4403,	15092,	
4404,	15091,	
4405,	15095,	
4406,	15089,	
4407,	15094,	
4408,	15095,	
4409,	15090,	
4410,	15093,	
4411,	15090,	
4412,	15081,	
4413,	15087,	
4414,	15091,	
4415,	15090,	
4416,	15090,	
4417,	15096,	
4418,	15094,	
4419,	15091,	
