      0	       15173
      1	       15170
      2	       15175
      3	       15173
      4	       15174
      5	       15171
      6	       15178
      7	       15172
      8	       15175
      9	       15180
     10	       15173
     11	       15174
     12	       15176
     13	       15177
     14	       15170
     15	       15174
     16	       15173
     17	       15172
     18	       15171
     19	       15180
     20	       15179
     21	       15177
     22	       15178
     23	       15176
     24	       15176
     25	       15167
     26	       15179
     27	       15178
     28	       15180
     29	       15175
     30	       15176
     31	       15172
     32	       15171
     33	       15178
     34	       15179
     35	       15171
     36	       15173
     37	       15179
     38	       15174
     39	       15180
     40	       15179
     41	       15181
     42	       15178
     43	       15168
     44	       15174
     45	       15170
     46	       15176
     47	       15172
     48	       15179
     49	       15178
     50	       15175
     51	       15172
     52	       15179
     53	       15173
     54	       15174
     55	       15175
     56	       15174
     57	       15178
     58	       15179
     59	       15174
     60	       15173
     61	       15176
     62	       15174
     63	       15168
     64	       15178
     65	       15181
     66	       15178
     67	       15181
     68	       15173
     69	       15173
     70	       15179
     71	       15170
     72	       15171
     73	       15173
     74	       15176
     75	       15176
     76	       15177
     77	       15177
     78	       15171
     79	       15172
     80	       15174
     81	       15178
     82	       15173
     83	       15172
     84	       15170
     85	       15175
     86	       15173
     87	       15174
     88	       15173
     89	       15180
     90	       15175
     91	       15171
     92	       15177
     93	       15174
     94	       15174
     95	       15176
     96	       15176
     97	       15175
     98	       15180
     99	       15175
    100	       15175
    101	       15173
    102	       15176
    103	       15173
    104	       15172
    105	       15174
    106	       15175
    107	       15177
    108	       15172
    109	       15168
    110	       15175
    111	       15174
    112	       15178
    113	       15176
    114	       15173
    115	       15172
    116	       15173
    117	       15174
    118	       15176
    119	       15171
    120	       15177
    121	       15173
    122	       15176
    123	       15178
    124	       15174
    125	       15175
    126	       15175
    127	       15173
    128	       15176
    129	       15175
    130	       15172
    131	       15169
    132	       15174
    133	       15171
    134	       15172
    135	       15182
    136	       15172
    137	       15171
    138	       15176
    139	       15173
    140	       15176
    141	       15178
    142	       15179
    143	       15178
    144	       15172
    145	       15173
    146	       15175
    147	       15176
    148	       15179
    149	       15171
    150	       15177
    151	       15173
    152	       15176
    153	       15175
    154	       15178
    155	       15171
    156	       15175
    157	       15179
    158	       15179
    159	       15175
    160	       15169
    161	       15181
    162	       15172
    163	       15180
    164	       15170
    165	       15177
    166	       15176
    167	       15174
    168	       15171
    169	       15173
    170	       15172
    171	       15173
    172	       15178
    173	       15176
    174	       15174
    175	       15177
    176	       15172
    177	       15179
    178	       15171
    179	       15176
    180	       15176
    181	       15172
    182	       15174
    183	       15173
    184	       15180
    185	       15175
    186	       15175
    187	       15175
    188	       15179
    189	       15178
    190	       15174
    191	       15165
    192	       15176
    193	       15180
    194	       15178
    195	       15172
    196	       15172
    197	       15178
    198	       15180
    199	       15175
    200	       15179
    201	       15177
    202	       15170
    203	       15170
    204	       15178
    205	       15176
    206	       15181
    207	       15178
    208	       15182
    209	       15179
    210	       15171
    211	       15175
    212	       15175
    213	       15177
    214	       15173
    215	       15178
    216	       15175
    217	       15179
    218	       15176
    219	       15174
    220	       15179
    221	       15174
    222	       15180
    223	       15178
    224	       15176
    225	       15175
    226	       15173
    227	       15179
    228	       15174
    229	       15170
    230	       15181
    231	       15176
    232	       15180
    233	       15173
    234	       15174
    235	       15183
    236	       15172
    237	       15171
    238	       15173
    239	       15178
    240	       15173
    241	       15180
    242	       15174
    243	       15179
    244	       15178
    245	       15174
    246	       15175
    247	       15175
    248	       15174
    249	       15173
    250	       15178
    251	       15171
    252	       15171
    253	       15172
    254	       15177
    255	       15172
    256	       15176
    257	       15172
    258	       15172
    259	       15176
    260	       15175
    261	       15173
    262	       15175
    263	       15176
    264	       15176
    265	       15179
    266	       15177
    267	       15173
    268	       15166
    269	       15180
    270	       15176
    271	       15172
    272	       15175
    273	       15177
    274	       15173
    275	       15175
    276	       15174
    277	       15174
    278	       15172
    279	       15171
    280	       15174
    281	       15176
    282	       15179
    283	       15181
    284	       15176
    285	       15175
    286	       15178
    287	       15176
    288	       15175
    289	       15176
    290	       15180
    291	       15175
    292	       15173
    293	       15175
    294	       15172
    295	       15178
    296	       15175
    297	       15167
    298	       15181
    299	       15180
    300	       15175
    301	       15173
    302	       15181
    303	       15185
    304	       15170
    305	       15173
    306	       15170
    307	       15178
    308	       15175
    309	       15175
    310	       15172
    311	       15180
    312	       15177
    313	       15173
    314	       15177
    315	       15176
    316	       15171
    317	       15172
    318	       15176
    319	       15175
    320	       15176
    321	       15183
    322	       15175
    323	       15172
    324	       15175
    325	       15175
    326	       15175
    327	       15177
    328	       15176
    329	       15170
    330	       15180
    331	       15172
    332	       15181
    333	       15177
    334	       15175
    335	       15175
    336	       15180
    337	       15177
    338	       15176
    339	       15173
    340	       15175
    341	       15180
    342	       15173
    343	       15173
    344	       15176
    345	       15170
    346	       15177
    347	       15178
    348	       15176
    349	       15175
    350	       15175
    351	       15170
    352	       15176
    353	       15174
    354	       15177
    355	       15177
    356	       15181
    357	       15175
    358	       15180
    359	       15177
    360	       15178
    361	       15174
    362	       15176
    363	       15178
    364	       15173
    365	       15173
    366	       15178
    367	       15172
    368	       15178
    369	       15173
    370	       15171
    371	       15183
    372	       15173
    373	       15171
    374	       15181
    375	       15173
    376	       15177
    377	       15175
    378	       15177
    379	       15173
    380	       15175
    381	       15173
    382	       15173
    383	       15175
    384	       15174
    385	       15172
    386	       15180
    387	       15173
    388	       15173
    389	       15167
    390	       15171
    391	       15171
    392	       15179
    393	       15177
    394	       15179
    395	       15174
    396	       15178
    397	       15176
    398	       15170
    399	       15172
    400	       15174
    401	       15174
    402	       15181
    403	       15178
    404	       15178
    405	       15176
    406	       15182
    407	       15175
    408	       15177
    409	       15184
    410	       15179
    411	       15177
    412	       15172
    413	       15177
    414	       15176
    415	       15175
    416	       15179
    417	       15177
    418	       15180
    419	       15174
    420	       15173
    421	       15184
    422	       15179
    423	       15169
    424	       15179
    425	       15169
    426	       15181
    427	       15174
    428	       15177
    429	       15178
    430	       15173
    431	       15181
    432	       15171
    433	       15172
    434	       15181
    435	       15178
    436	       15175
    437	       15178
    438	       15170
    439	       15174
    440	       15177
    441	       15175
    442	       15178
    443	       15173
    444	       15174
    445	       15180
    446	       15178
    447	       15178
    448	       15176
    449	       15173
    450	       15175
    451	       15180
    452	       15170
    453	       15173
    454	       15177
    455	       15180
    456	       15177
    457	       15178
    458	       15176
    459	       15176
    460	       15176
    461	       15172
    462	       15171
    463	       15178
    464	       15181
    465	       15175
    466	       15177
    467	       15176
    468	       15178
    469	       15166
    470	       15180
    471	       15173
    472	       15174
    473	       15173
    474	       15167
    475	       15177
    476	       15177
    477	       15177
    478	       15178
    479	       15174
    480	       15169
    481	       15174
    482	       15178
    483	       15179
    484	       15177
    485	       15175
    486	       15181
    487	       15174
    488	       15174
    489	       15175
    490	       15175
    491	       15175
    492	       15176
    493	       15171
    494	       15175
    495	       15181
    496	       15176
    497	       15173
    498	       15176
    499	       15175
    500	       15171
    501	       15174
    502	       15179
    503	       15178
    504	       15181
    505	       15176
    506	       15179
    507	       15173
    508	       15177
    509	       15171
    510	       15178
    511	       15175
    512	       15171
    513	       15175
    514	       15171
    515	       15173
    516	       15179
    517	       15179
    518	       15176
    519	       15175
    520	       15179
    521	       15177
    522	       15177
    523	       15167
    524	       15173
    525	       15175
    526	       15180
    527	       15177
    528	       15177
    529	       15175
    530	       15175
    531	       15174
    532	       15176
    533	       15174
    534	       15179
    535	       15177
    536	       15175
    537	       15173
    538	       15175
    539	       15176
    540	       15175
    541	       15177
    542	       15176
    543	       15179
    544	       15175
    545	       15174
    546	       15171
    547	       15177
    548	       15173
    549	       15169
    550	       15174
    551	       15177
    552	       15178
    553	       15176
    554	       15181
    555	       15178
    556	       15173
    557	       15170
    558	       15179
    559	       15179
    560	       15182
    561	       15170
    562	       15184
    563	       15174
    564	       15176
    565	       15176
    566	       15177
    567	       15176
    568	       15177
    569	       15180
    570	       15177
    571	       15175
    572	       15178
    573	       15176
    574	       15172
    575	       15171
    576	       15177
    577	       15183
    578	       15171
    579	       15178
    580	       15180
    581	       15178
    582	       15175
    583	       15178
    584	       15172
    585	       15176
    586	       15174
    587	       15176
    588	       15173
    589	       15173
    590	       15172
    591	       15172
    592	       15178
    593	       15175
    594	       15176
    595	       15175
    596	       15178
    597	       15174
    598	       15175
    599	       15173
