      0	       15101
      1	       15106
      2	       15103
      3	       15099
      4	       15104
      5	       15106
      6	       15099
      7	       15100
      8	       15104
      9	       15107
     10	       15101
     11	       15104
     12	       15108
     13	       15102
     14	       15099
     15	       15105
     16	       15104
     17	       15110
     18	       15107
     19	       15105
     20	       15105
     21	       15101
     22	       15105
     23	       15105
     24	       15111
     25	       15106
     26	       15107
     27	       15111
     28	       15100
     29	       15108
     30	       15100
     31	       15110
     32	       15102
     33	       15102
     34	       15104
     35	       15102
     36	       15097
     37	       15104
     38	       15099
     39	       15109
     40	       15100
     41	       15102
     42	       15101
     43	       15105
     44	       15107
     45	       15105
     46	       15104
     47	       15105
     48	       15103
     49	       15104
     50	       15109
     51	       15098
     52	       15108
     53	       15103
     54	       15102
     55	       15101
     56	       15105
     57	       15102
     58	       15110
     59	       15102
     60	       15104
     61	       15104
     62	       15105
     63	       15108
     64	       15099
     65	       15104
     66	       15110
     67	       15106
     68	       15108
     69	       15111
     70	       15108
     71	       15101
     72	       15104
     73	       15097
     74	       15099
     75	       15106
     76	       15101
     77	       15104
     78	       15107
     79	       15105
     80	       15106
     81	       15104
     82	       15095
     83	       15100
     84	       15106
     85	       15103
     86	       15106
     87	       15101
     88	       15100
     89	       15105
     90	       15101
     91	       15103
     92	       15103
     93	       15100
     94	       15103
     95	       15109
     96	       15102
     97	       15100
     98	       15096
     99	       15107
    100	       15106
    101	       15105
    102	       15104
    103	       15108
    104	       15102
    105	       15109
    106	       15105
    107	       15104
    108	       15110
    109	       15104
    110	       15097
    111	       15100
    112	       15104
    113	       15104
    114	       15102
    115	       15108
    116	       15104
    117	       15110
    118	       15105
    119	       15099
    120	       15099
    121	       15100
    122	       15106
    123	       15110
    124	       15108
    125	       15102
    126	       15105
    127	       15098
    128	       15102
    129	       15107
    130	       15109
    131	       15098
    132	       15105
    133	       15105
    134	       15102
    135	       15099
    136	       15103
    137	       15104
    138	       15097
    139	       15105
    140	       15104
    141	       15103
    142	       15104
    143	       15103
    144	       15103
    145	       15102
    146	       15102
    147	       15109
    148	       15102
    149	       15098
    150	       15102
    151	       15102
    152	       15103
    153	       15107
    154	       15103
    155	       15104
    156	       15104
    157	       15103
    158	       15110
    159	       15107
    160	       15103
    161	       15102
    162	       15104
    163	       15102
    164	       15107
    165	       15101
    166	       15104
    167	       15104
    168	       15098
    169	       15100
    170	       15103
    171	       15099
    172	       15099
    173	       15104
    174	       15107
    175	       15106
    176	       15105
    177	       15101
    178	       15104
    179	       15101
    180	       15106
    181	       15101
    182	       15105
    183	       15096
    184	       15099
    185	       15102
    186	       15109
    187	       15104
    188	       15100
    189	       15101
    190	       15099
    191	       15099
    192	       15103
    193	       15106
    194	       15102
    195	       15098
    196	       15104
    197	       15108
    198	       15108
    199	       15104
    200	       15107
    201	       15105
    202	       15106
    203	       15108
    204	       15098
    205	       15102
    206	       15102
    207	       15103
    208	       15103
    209	       15105
    210	       15105
    211	       15105
    212	       15103
    213	       15105
    214	       15102
    215	       15106
    216	       15102
    217	       15107
    218	       15102
    219	       15099
    220	       15103
    221	       15105
    222	       15109
    223	       15101
    224	       15106
    225	       15101
    226	       15107
    227	       15097
    228	       15103
    229	       15097
    230	       15102
    231	       15105
    232	       15107
    233	       15104
    234	       15100
    235	       15104
    236	       15105
    237	       15099
    238	       15109
    239	       15098
    240	       15099
    241	       15102
    242	       15105
    243	       15102
    244	       15106
    245	       15101
    246	       15106
    247	       15099
    248	       15101
    249	       15105
    250	       15112
    251	       15105
    252	       15102
    253	       15107
    254	       15107
    255	       15105
    256	       15106
    257	       15104
    258	       15104
    259	       15099
    260	       15104
    261	       15103
    262	       15107
    263	       15101
    264	       15105
    265	       15102
    266	       15101
    267	       15103
    268	       15103
    269	       15105
    270	       15103
    271	       15107
    272	       15105
    273	       15109
    274	       15099
    275	       15100
    276	       15111
    277	       15105
    278	       15107
    279	       15106
    280	       15103
    281	       15102
    282	       15104
    283	       15104
    284	       15107
    285	       15106
    286	       15105
    287	       15099
    288	       15104
    289	       15113
    290	       15101
    291	       15101
    292	       15108
    293	       15101
    294	       15104
    295	       15110
    296	       15103
    297	       15103
    298	       15105
    299	       15098
    300	       15102
    301	       15098
    302	       15101
    303	       15104
    304	       15099
    305	       15104
    306	       15110
    307	       15105
    308	       15103
    309	       15108
    310	       15106
    311	       15100
    312	       15098
    313	       15096
    314	       15106
    315	       15101
    316	       15106
    317	       15107
    318	       15101
    319	       15102
    320	       15107
    321	       15102
    322	       15106
    323	       15108
    324	       15107
    325	       15101
    326	       15104
    327	       15105
    328	       15102
    329	       15101
    330	       15105
    331	       15102
    332	       15101
    333	       15104
    334	       15101
    335	       15108
    336	       15103
    337	       15104
    338	       15106
    339	       15100
    340	       15103
    341	       15104
    342	       15105
    343	       15104
    344	       15104
    345	       15106
    346	       15105
    347	       15100
    348	       15105
    349	       15105
    350	       15100
    351	       15103
    352	       15101
    353	       15107
    354	       15106
    355	       15104
    356	       15102
    357	       15103
    358	       15104
    359	       15101
    360	       15105
    361	       15096
    362	       15103
    363	       15108
    364	       15104
    365	       15105
    366	       15103
    367	       15104
    368	       15107
    369	       15107
    370	       15106
    371	       15097
    372	       15101
    373	       15106
    374	       15102
    375	       15101
    376	       15105
    377	       15103
    378	       15105
    379	       15107
    380	       15104
    381	       15099
    382	       15106
    383	       15108
    384	       15107
    385	       15106
    386	       15101
    387	       15101
    388	       15100
    389	       15106
    390	       15108
    391	       15104
    392	       15100
    393	       15110
    394	       15110
    395	       15098
    396	       15101
    397	       15102
    398	       15102
    399	       15103
    400	       15109
    401	       15103
    402	       15105
    403	       15102
    404	       15103
    405	       15097
    406	       15104
    407	       15101
    408	       15108
    409	       15105
    410	       15103
    411	       15101
    412	       15105
    413	       15105
    414	       15106
    415	       15099
    416	       15107
    417	       15104
    418	       15098
    419	       15095
    420	       15103
    421	       15100
    422	       15101
    423	       15106
    424	       15095
    425	       15103
    426	       15108
    427	       15101
    428	       15103
    429	       15104
    430	       15104
    431	       15100
    432	       15101
    433	       15096
    434	       15101
    435	       15102
    436	       15104
    437	       15105
    438	       15104
    439	       15105
    440	       15103
    441	       15104
    442	       15103
    443	       15101
    444	       15100
    445	       15109
    446	       15106
    447	       15103
    448	       15104
    449	       15101
    450	       15105
    451	       15102
    452	       15101
    453	       15103
    454	       15110
    455	       15100
    456	       15098
    457	       15101
    458	       15106
    459	       15102
    460	       15101
    461	       15104
    462	       15105
    463	       15101
    464	       15100
    465	       15100
    466	       15105
    467	       15102
    468	       15106
    469	       15103
    470	       15105
    471	       15102
    472	       15105
    473	       15100
    474	       15108
    475	       15104
    476	       15101
    477	       15102
    478	       15104
    479	       15107
    480	       15104
    481	       15105
    482	       15103
    483	       15103
    484	       15110
    485	       15105
    486	       15099
    487	       15110
    488	       15102
    489	       15105
    490	       15102
    491	       15107
    492	       15105
    493	       15103
    494	       15100
    495	       15101
    496	       15102
    497	       15097
    498	       15105
    499	       15104
    500	       15101
    501	       15102
    502	       15103
    503	       15105
    504	       15103
    505	       15106
    506	       15102
    507	       15105
    508	       15102
    509	       15104
    510	       15101
    511	       15099
    512	       15110
    513	       15104
    514	       15103
    515	       15105
    516	       15101
    517	       15101
    518	       15102
    519	       15103
    520	       15107
    521	       15107
    522	       15106
    523	       15101
    524	       15105
    525	       15109
    526	       15106
    527	       15104
    528	       15109
    529	       15107
    530	       15107
    531	       15097
    532	       15101
    533	       15100
    534	       15106
    535	       15100
    536	       15108
    537	       15101
    538	       15111
    539	       15102
    540	       15107
    541	       15101
    542	       15101
    543	       15105
    544	       15105
    545	       15103
    546	       15102
    547	       15107
    548	       15103
    549	       15100
    550	       15094
    551	       15099
    552	       15107
    553	       15102
    554	       15104
    555	       15108
    556	       15104
    557	       15106
    558	       15103
    559	       15103
    560	       15098
    561	       15102
    562	       15103
    563	       15103
    564	       15094
    565	       15102
    566	       15100
    567	       15102
    568	       15101
    569	       15104
    570	       15100
    571	       15105
    572	       15103
    573	       15104
    574	       15099
    575	       15106
    576	       15102
    577	       15102
    578	       15101
    579	       15105
    580	       15099
    581	       15103
    582	       15101
    583	       15105
    584	       15107
    585	       15107
    586	       15103
    587	       15105
    588	       15107
    589	       15107
    590	       15104
    591	       15105
    592	       15104
    593	       15104
    594	       15110
    595	       15102
    596	       15103
    597	       15098
    598	       15102
    599	       15103
